"Air_temperature_causal","Soil_temperature_causal","VPD_causal","SWC_causal","Precipation_causal","SOC_0_causal","SOC_10_causal","SOC_30_causal","LAI_causal","BS_causal","PV_causal","NPV_causal","CI_causal"
-13.97642442,-5.68133805,-0.4695768406,2.840926915,-0.14143004331,0.00646685915,-0.01834065685,-0.61480069335,-8.68875866,-0.024933433295,-4.514965905,3.0112383265,-0.94016409225
-6.317643525,6.30325685,0.48879043585,2.3386898735,-0.109570239515,0.0026345897,0.0017555501,-1.0205722765,-7.371539715,-0.0792409183,8.15594807,3.304591055,2.1656202766
9.704491355,5.065232465,-3.417245245,3.8007191725,-0.1254856528,0.00333578305,-0.00977615135,-0.676622155,27.3769718,-0.0588574927218,10.36344369,0.432813361,13.56072115
17.3236594,4.29196262,-0.1402554689,3.3495416125,0.0004642258725,0.0036958839,-0.0138943868,-0.705941166,18.37497665,-0.027605017375,9.894287235,-2.6522392645,10.84067945
25.872606,6.6873953055,0.5309193896,3.43904276,-0.0264209514075,0.00394558215,-0.01348667505,-0.7067658645,6.705985075,-0.0377912004505,5.15759532,3.267989888,-9.6133007254
10.89688696,8.80843618,-1.02495920733,2.33211898035,-0.14823624864,0.0029795302,-0.011117457,-1.136165901,-4.370866585,-0.09787690719,2.769647172,-0.797880566595,5.520601751
-3.183509722,7.081770835,-1.425616375,1.782101928,-0.1170893860425,0.0113556587,-0.00616626455,-1.4074311715,-18.09511945,-0.05757713859,-1.4987926255,0.6233938502,5.11388128
-23.9600569,-8.654656015,0.06463732225,1.667121827,-0.09011720221,0.0036224423,-0.02103750165,-0.5382860461,4.7882852663,-0.0365082012,-2.72598424,1.056824377,-4.92803635
-27.5674137,-11.329201935,0.2746590722,1.487184666,0.015598136935,0.0036224423,-0.0116844415,-0.40887547045,2.2649938295,-0.03940828238,-5.1899164,-0.254124485,-15.826595625
-23.79413185,-10.23955449,-0.159749399075,1.661362383,0.06573982146575,0.0036224423,-0.0154273639,-0.50283848915,-2.1292636006,-0.02642924208,-5.388836905,0.72723867275,-14.34661095
-21.62286325,-8.507824225,0.498450489,1.3843549675,0.15232537395,0.00646685915,-0.012171675575,-0.369313245,-12.043756625,-0.03285268475,-7.57880162,-1.22215214765,-13.364555
-17.6305541,-6.272809595,-0.081778843,1.136500704,-0.10928494705,0.00646685915,-0.0123719074,-0.5342853825,-11.748396825,-0.027187385375,-6.281483635,0.82485102205,-0.656038652
-12.62525054,5.3799191275,-0.2399479065,3.310545465,-0.08293666511,0.0036224423,-0.017370069683,-0.744977355,-0.755175539,-0.02607974073,5.923223158,8.82501347,-4.63695041525
-1.2401020998,9.09219434,0.518541162,4.20653894,0.02872351124,0.0029795302,-0.00363642485,-0.64605748,10.975750425,-0.099242896575,8.85658696,8.129290805,3.5957250109
21.9554436,7.083107955,-0.693765707,-3.5637975492,0.00311308123,0.0036958839,0.005591930375,-0.55412208625,16.708553,-0.0406450238718,11.85542416,6.01901912,15.94208695
24.6592394,7.66848836,1.30159929185,-1.0773200175,-0.0880125821575,0.0036958839,-0.014014404525,-0.4881897593,20.2365264,-0.033489235325,16.16271545,3.21179428,11.23195755
12.615864285,2.6363152705,0.52303000275,-3.657089395,-0.1395514172125,0.00394558215,-0.01982378125,-0.6925744788,5.4018866745,-0.054035092845,11.22014762,0.22139595305,-13.84609797
12.10407465,4.8390274306,0.01552528692,-6.96887016,-0.1219355661575,0.0078646398,-0.01069858285,-1.6675420985,-17.834056825,-0.1032209906,8.61197256,-2.6583833455,5.310578455
-5.033350155,4.8606727535,-1.7298152885,-3.119112665,-0.10483541036,0.0029795302,-0.01280513375,-1.5879366965,-14.867926375,-0.090978135745,1.0368919175,-1.251020752,3.155051242
-19.907795,-7.8706477,0.111889756025,1.4329105785,-0.10733678138,0.00297584015,-0.02686823315,-0.689789199,-8.080168195,-0.0390425837,3.119108595,2.9584747285,-4.71624092
-20.329936425,-8.6326147,0.68225779455,1.562960803,-0.1204727705925,0.00646685915,-0.0217932694,-0.45064441735,-12.3322511,-0.035940465325,-4.781152295,-0.87222502465,-12.87856965
-23.3461253,-9.855362565,0.339887475745,1.0154964745,-0.1719845023,0.00297584015,-0.0138231685,-0.4255494445,-7.356929075,-0.0335737802,-4.455552085,-0.581619485,-12.760512125
-21.25224465,-9.092300295,0.39895051485,0.8158244875,0.06761488565,0.00646685915,-0.014280427075,-0.368862127,-12.59742485,-0.03599360975,-8.47807563,-0.91610959625,-13.744959975
-18.64087335,-7.933118445,-0.18491189275,1.2322865185,0.03557635391,0.00646685915,-0.0125320779,-0.4090792422,-13.326947,-0.0383615602,-9.84800909,-2.16059018,-1.05987953675
-17.4446633,-6.580347955,-0.639808354,2.706666175,-0.15288148441,0.00646685915,-0.008271934,-0.5679339475,-8.913510955,-0.0474683872,-5.271552205,0.2162451215,0.44528658
-2.8310736835,5.933942115,-1.691490882,2.865695875,0.016038526863,0.0029795302,-0.0116563702,-1.026802676,-9.80155535,-0.13089611064,9.493169915,0.82392499635,2.1613903025
19.62746395,4.60255876,1.450950858,4.195429485,0.022118131,0.00299084255,-0.003558011725,-0.46739340115,17.98435165,-0.0357513391818,10.50474901,2.2870996115,13.3405256
37.81618625,8.3508948315,-2.568870883,4.700224955,-0.2111048504075,0.0030044656,-0.006816629725,-0.7762045967,20.0174674,-0.079315925675,9.76625701,-4.861019231,9.068398275
12.01503427,3.294474299,-0.7815032425,4.59058154,-0.070359687825,0.00394558215,-0.01577922845,-0.6542464083,6.38748015,-0.075545191775,5.73010955,2.24171611,-10.18011855
16.542157325,3.921385266,0.962701915,2.970318396,-0.0270403672,0.0113556587,-0.0037052453,-1.3744008995,-20.6047666,-0.1101314528,8.65703063,-3.53977861965,2.460526933
1.363212155,6.48476522,-1.6680845815,2.779810527,-0.0910008709925,0.0113556587,-0.0124310725,-1.204027675,-19.86192465,-0.1454337032,1.320016196,-0.98825941245,3.3878168745
-21.6809098,-6.1745929125,-0.63426117545,1.6195832985,-0.093403686627,0.0036224423,-0.02417550915,-0.5105136083,6.233720395,-0.03685523738,3.066799963,3.6009527285,-8.49265179
-27.3444784,-10.128584735,-0.01825627335,2.0535287515,-0.007915300677,0.0036224423,-0.0191001626,-0.376543044325,7.53029052,-0.031357657735,-5.179649125,-0.2169549037,-16.197076575
-20.5943889,-7.974585125,-0.0584685915,2.235148845,0.042617713425,0.00646685915,-0.01634314905,-0.566540269,-7.88829914,-0.0415113967,-3.008533055,1.0875384823,-11.3317761
-19.0207731,-7.090272295,0.0950681501,1.97965504,0.07032677929,0.00646685915,-0.020695601625,-0.479306281,-11.28806745,-0.022490940925,-4.307490455,-0.23369825925,-12.805078
-22.1113658,-7.95910203,-0.3204915303,2.5753932285,-0.012166145302,0.0036224423,-0.0115191909,-0.4690777677,3.579388365,-0.040086138815,-2.69108576,0.7457483288,-1.7290541425
2.231766025,9.025029855,1.269833572335,5.37687622,0.555833730965,0.0025781105,-0.014567078683,-0.32420990245,20.22562175,0.01035952858,1.5829164275,8.43587581,-5.43399233
13.65270665,11.9109191,-0.5245262177,6.06309394,-0.023266964215,0.0026194293,-6.17947500000002e-05,-0.311306112,43.5990936,-0.0607472009,6.08094955,10.061778525,7.96355813
23.33499395,6.9709530245,-1.469116502,5.84566458,-0.1117590106425,0.0036958839,-0.0086660984,-0.48440305435,20.41372815,0.02536632831,16.121071075,3.796386802,13.84735541
21.9896398,5.33906083,0.8575275872,3.569343775,-0.11083354356,0.0036958839,-0.007944942,-0.648569888,17.3679092,-0.034900445415,4.7476751765,1.7522922835,8.55621777
18.5007313,3.9534874035,-0.492153627,3.703899685,-0.005600629975,0.00394558215,-0.0135510149,-0.873270072,-10.177906275,-0.08670565288,6.494658435,-0.75384275945,-4.740282665
-2.6123451175,6.04422483,-1.9283688755,3.063312595,-0.065134612212,0.0029795302,-0.0121712832,-1.178783831,-14.439178825,-0.0985419213,7.0024124365,-0.961551259,3.293267058
-13.866722025,-0.312313436635,-0.7452026782,1.9905046795,-0.03358223321,0.0097703137,-0.01964079185,-1.0345020105,-13.182811275,-0.05167012015,4.059408415,1.28771338975,4.171041415
-19.153964075,-7.492519305,0.55105745485,2.027199038,-0.00124082290999999,0.00646685915,-0.01722648255,-0.525389337,-11.008058825,-0.040875205075,-1.5937722115,0.6975010157,-1.234165246
-22.21684025,-10.1722658,-0.24265109465,2.341230983,0.141604948804,0.0036224423,-0.01274462715,-0.41414083095,-1.99020429425,-0.03756748054,-7.5848511,-1.47881266595,-14.5974174
-17.9914107,-7.523281675,0.00272930800000001,2.30359312,0.062153459885,0.00646685915,-0.00495928,-0.4705280015,-8.126771385,-0.037423818965,-7.61239668,-1.2806892768,-11.379197325
-17.50388145,-8.06305864,-0.092422399,1.6063917575,0.152819202235,0.00646685915,-0.011986252525,-0.415462902,-12.659757625,-0.030428723925,-8.660519955,-1.360724394,-12.315208175
-19.46974755,-8.017040775,-0.41960487413,1.99988056,0.48070784364,0.00646685915,-0.0106001749,-0.431841729,-12.891237975,-0.02194824648,-5.875190065,-1.6016762933,-1.8388854015
-14.78359925,-6.1370849735,-0.63044806825,2.1921101,0.048599296123,0.0036224423,-0.013375575333,-0.6666505955,-4.92058606,-0.03863062946,-3.15201295,1.17606339,-1.9009381937
19.855057025,2.7481511797,-4.723105692,2.929982383,-0.07722366632,0.0029795302,-0.0050750697,-0.59177786915,8.327514975,-0.0950294442,0.459344904,-2.140447055,-0.594535609
17.54494655,2.4864644175,0.8620179445,1.9077551595,-0.04042829305,0.00299084255,-0.013477869,-0.47671685825,32.12619115,-0.0665218825968,10.8141539,0.722623815,11.62469574
22.98769675,5.320315656,0.9715413947,3.647839225,0.001129728925,0.00333578305,-0.01201426595,-0.636225727,24.6183142,-0.030184217015,7.660200915,-4.287255945,8.647796105
28.7209966,7.2170894215,0.8298699555,5.28983372,-0.077879896975,0.00394558215,-0.0131614411,-0.5134122855,12.26128873,0.1326347274195,3.3673669625,2.562337602,-8.5516470425
10.19298122,7.97292494,-1.3590407085,2.2865967035,-0.05997944796,0.0029795302,-0.01029144465,-0.711570783,14.847592675,-0.102901943025,-0.5174249266,-1.86477732925,3.225041708
-4.922757435,-2.856495321,-1.25020597965,1.7886337236,0.093858755843,0.00265639035,-0.01388486745,-1.041758975,-7.0324331,-0.04782509604,0.5292192365,2.188711698,3.8632722
-22.2780936,-9.45073869,0.51739744425,2.319271482,0.161321305124,0.0036224423,-0.010216848,-0.4376537175,-4.45386527,-0.03357874796,-6.09961298,-1.0377838015,-13.23137285
-24.13291815,-10.83540666,0.2591016438,2.211510855,0.14781095135575,0.0036224423,-0.007504989,-0.27078558945,-0.7950612337,-0.03432481863,-8.8316738,-1.1364007,-14.762959375
-18.815854075,-8.277704925,0.5700849805,1.85883977,0.223840617,0.00646685915,-0.011986252525,-0.38580046455,-12.285109,0.059406023421,-8.77220639,0.1579199434,-12.55880865
-15.5970811,-6.48168141,-0.34888991935,2.27043654,0.092487081485,0.00646685915,-0.0049428999,-0.4247038771,-8.715010665,-0.034048109065,-8.54882719,0.135899167645,-0.471387421
3.98413432,10.321369385,-0.3914364936,4.408269275,-0.04585903621,0.0025781105,-0.016326094833,-0.4450082903,33.6658975,-0.087051430545,-0.263280392,-0.65400545225,-8.750509245
17.995901,12.86004105,-0.8043392665,5.199276457,0.00610724565,0.0022744888,-0.00586441455,-0.4059688811,38.4837423,-0.0766780437,7.266832895,5.970780136,7.704033505
20.3298873,4.1616669325,2.52507357,4.825909765,0.04765548495,0.00299084255,-0.01197362975,-0.35663728125,37.02093685,0.0036617148782,16.07639725,5.207869625,14.40674632
38.39607865,9.665702885,0.283210461,5.004070915,-0.1185932089445,0.0036958839,-0.008577104175,-0.3618087753,18.223602375,-0.008570200295,12.482876495,2.708378784,13.4819086
34.34405055,7.374538735,-2.7437474205,-8.296417,-0.110499831,0.00386191605,-0.012957610875,-1.1396656825,-6.432884595,-0.12984464879,2.740187170145,-0.83973497625,-10.50386545
22.72509205,8.08678,1.26051965425,-2.100247385,-0.111198411745,0.0078646398,-0.0092644345,-1.6537081145,-18.2815845,-0.1168660644,0.3492112695,-1.441928149,4.893117855
-6.459065707,1.735167473,-1.3918418015,2.0829829065,-0.10084078235,0.00265639035,-0.01271884525,-0.7373547882,8.723350235,-0.051657064975,-0.858399005,1.1839418645,1.5146325785
-0.843757545,-6.527233085,-0.1595334402745,2.445787075,0.02637527774,0.00297584015,-0.01458292715,-0.7866843585,-11.11906135,-0.04015736564,-0.3982092815,2.70625303,-4.61811698
-20.23278385,-8.57831475,-0.313550015,1.3361823095,0.07246333795,0.00646685915,-0.0144071453,-0.359389396,-12.82240395,-0.017657723275,-9.45433248,-0.2462910785,-13.03944255
-16.188975875,-6.442482055,-0.6183371435,2.04075737,-0.11464986871,0.00646685915,-0.01123120485,-0.3900369142,-13.331723075,-0.03882887705,-9.394433535,-1.91061461,-1.6368941499
-2.23166476715,-6.587205605,0.16021137975,3.928997015,-0.1368156358815,0.0036224423,-0.022138457833,-0.6586290235,-4.3030136175,-0.029768969885,-1.7051907085,1.973643378,-6.45409175
-2.279280128,6.34008761,0.41488738265,1.9472250605,-0.0573093375,0.0078646398,0.0016079629,-1.4158451245,-20.04211955,-0.10297467446,5.773382786,1.42585986,3.54494766085
20.565222,3.465669352,-3.289033676,-0.32666978575,-0.0957193857,0.00299084255,-0.003698444775,-0.65022230925,28.66455925,-0.0332142065968,9.16076872,0.6174075905,13.854153675
29.1519056,4.57786597795,-2.848132398,-7.1902433605,-0.04684200099,0.0030044656,-0.006577234225,-0.950365173,27.75814545,-0.059402514525,7.14545389,-4.8460021005,8.55750622
27.0677273,6.136098195,0.796204105,3.34791555,-0.0655160383075,0.00394558215,-0.01413502905,-0.6903666863,6.202859945,-0.0787158029005,3.145843903,-0.60716867345,-10.939495085
12.635129135,7.285055365,-2.320553359,1.708897905,-0.146028184925,0.0029795302,-0.00886634485,-1.3203355265,-16.53401385,-0.09044420955,2.60704194,0.44436772325,3.322391508
-2.9065486,-1.767320082,-1.604466257,1.897209425,-0.120959863077,0.0062792947,-0.0198940329,-1.2696009495,-16.465126,-0.049931224075,-2.316801658675,1.48950643025,3.7196516
-18.9172738,-7.619624365,-0.30007477285,1.540560028,-0.02379998901,0.00646685915,-0.01722648255,-0.577537714,-12.27480835,-0.0249028527895,-0.3861330035,0.935198078,-3.267812185
-19.27403595,-8.54621776,0.3937738219,1.793018085,0.126872970885,0.00646685915,-0.0117775338,-0.39024006035,-12.416673975,-0.0353035899,-7.877184425,-1.3829030405,-11.70017335
-17.663379325,-8.114484335,-0.06992678775,1.63802125,-0.17143618875,0.00646685915,-0.011986252525,-0.4065041675,-12.93471425,-0.032955724075,-8.70504239,-1.3461092935,-12.4037219
-15.640349525,-6.344540325,-0.54190221235,2.213798893,-0.17593807015,0.00646685915,-0.00689801485,-0.492480961,-11.272852475,-0.024203668525,-7.316301425,1.234807473,-0.399804018
17.387688,12.392226095,1.19658506805,7.314561185,0.02022074049,0.0025781105,-0.012825505883,-0.23512085735,35.47040405,0.021033420055,2.781341623,6.834123545,-8.00232887
18.70160735,4.371503315,-0.06115747915,4.72595414,0.27665506394,0.0026194293,0.001930696,-0.4401558486,37.17900965,-0.0427997765,2.893637507,8.6071666275,6.90361109
19.42740805,2.562019123,0.5542538175,-3.016697313,-0.069374464505,0.00333578305,-0.00367492895,-0.7496284017,27.41132645,-0.0391887419468,5.461038832,1.9544050295,12.03895939
21.9991834,9.74935778,0.2429472302,0.4734413585,-0.0475261395075,0.0036958839,-0.00874952125,-0.7034402195,13.9749961,-0.056948090025,9.75835989,-2.756524156,11.1608391
27.64708555,4.5740980725,1.534406361,2.5479671994,-0.11519189555,0.00456118525,-0.0131287974,-0.8733378545,-15.1331568,-0.101438492835,8.596470065,-2.1565227128,-2.4066502101
20.51739005,3.957801239,1.4442836385,2.4524919875,-0.1336053169,0.0113556587,-0.0084346454,-1.2829349525,-23.09757225,-0.13573960095,4.583707835,-2.75287678005,4.743698833
-1.0771219785,3.2139824885,-1.736189914,2.0946489505,-0.09377688335,0.0062792947,-0.0126145972,-1.3347101055,-17.5599588,-0.11231152351,1.36756278332,-0.0653447819999999,2.886706416
-14.496214075,-7.67625345,-0.068550446075,1.7901494725,-0.05864503735,0.0036224423,-0.02334580965,-0.724628745,-0.67780759935,-0.03145430233,-0.4806212445,1.780014915,-6.0748361
-25.44808025,-11.103828885,-0.29303637205,2.07959852,0.139134075273,0.0036224423,-0.02131327675,-0.49130463045,4.664279033925,-0.032622231185,-3.941849315,-0.044414051,-15.67385095
-20.7010746,-9.474304975,-0.1450918759,1.962506615,-0.049288279917,0.0036224423,-0.0129625719,-0.522921732,-4.82367165,-0.03906195531,-4.69016442,-0.14621624075,-13.581242525
-13.01278402,-6.322447495,-0.617060301,2.050892285,-0.1746622807,0.00646685915,-0.00927815025,-0.5211557053,-12.17983405,-0.024859312875,-5.05463982,0.835884225,-1.7883206625
-14.272065975,-5.582702175,-0.6530947735,2.561994725,-0.036892468895,0.00646685915,-0.02143642025,-0.596480094,-12.8837938,-0.0232597768,-3.36822781,2.459948953,-1.6835469298
13.9231645,6.90022784,0.823142827,-0.0334496974,-0.07526541941,0.0029795302,0.0076404366,-1.261223061,-19.83290785,-0.11252261975,10.176837975,-0.0752044625,2.680791874
15.05223195,1.121229321,-3.2473239505,0.82024705145,-0.17073964024,0.00333578305,-0.0078042415,-0.751392243,11.622658265,-0.0851996213518,1.09756815,-3.571704077,7.76171536
28.3466708,6.643392085,1.21394815135,3.5077189,-0.041955923015,0.0036958839,-0.00668269985,-1.0841857905,-4.3436491525,-0.0168539495,11.035642665,0.38173825075,11.21681901
66.54682435,14.073517635,1.800833234,9.97569624,0.270341015415,0.00386191605,-0.012874188225,-0.14943321395,26.932446825,-0.075267274875,16.1079429125,7.128837899,-3.304861932
18.82730785,11.083347335,-0.6432350017,3.153435826,0.0163030047,0.0029795302,-0.01038585545,-0.766430052,9.79768397,-0.0946943324,1.2311528013,-0.265923666,4.878965502
-1.3265736655,-1.312128385675,-1.2053489365,2.1577430275,-0.126515826427,0.0062792947,-0.0196618916,-1.22510771,-16.3538319,-0.057729018465,2.0598706855,1.3728665935,3.0735220935
-15.721062225,-7.64343825,-0.3828083985,2.005566674,-0.141320638365,0.00297584015,-0.0217884295,-0.6537715405,-7.714016145,-0.033910639885,3.854220358,2.9158622175,-4.73284633
-22.0857203,-9.22449132,0.0678650855,2.01122713,0.098624504173,0.0036224423,-0.01629496875,-0.5693260335,-1.0198778035,0.064337010466,-2.3134004605,1.9280166183,-13.766341925
-21.24150795,-8.833305365,0.41383584945,1.58548756,-0.14283827492,0.00646685915,-0.01785565455,-0.471551192,-12.113542825,-0.020167012895,-2.1867964915,2.0605597055,-11.675819425
-21.4253214,-9.576454,0.47274942475,2.16397409,-0.15082281341,0.00646685915,-0.007776823875,-0.3837394095,-11.42348935,-0.030530636625,-5.79084148,-1.272012042,-13.15455065
-18.96889065,-7.98980713,-0.39690051915,1.84921112,-0.153712020885,0.00646685915,-0.0106001749,-0.36594586225,-12.835775975,-0.039586752825,-8.97770431,-1.9491645,-0.9252102268
-13.323995535,-7.599212165,-0.21194569265,2.5819636875,-0.141225189365,0.0036224423,-0.007438154083,-0.54517572225,-0.7014573104,-0.026411910835,-4.50553199,1.2710149385,-2.964264265
-2.787581327,8.092394115,-1.4646581055,2.098268255,-0.122146839187,0.0029795302,-0.0118699222,-0.662106878,6.97854294,-0.0667086225,4.81911328135,5.04159768,2.094113798
19.4890602,11.301734925,-1.29052813515,6.305694995,-0.061371040915,0.00299084255,0.0004095512,-0.3097143298,39.19875785,-0.0017472641468,13.22993172,6.789107295,12.78063072
37.294655,8.233562665,3.3590714755,4.72426117,0.04164069795,0.0025010045,-0.007284557425,-0.23322234725,39.41357665,-0.00800463882499999,18.70671625,2.6305728585,12.8452034
25.0788282,7.031517095,2.126374254,2.928156289,-0.050015530135,0.00805220415,-0.0078358304,-0.886459076,-13.517135425,-0.11205143775,10.070490535,0.442368949,-0.838135111
8.15093362,6.980750775,-1.5890141995,2.2595974115,-0.0924000132275,0.0078646398,-0.01102295945,-1.2487720835,-18.38872935,-0.13634932235,2.41754675005,-0.962440955285,4.3872141465
-8.1229693125,5.039549575,-1.0548384467,3.66276744,-0.010050452427,0.0029795302,-0.01155437495,-0.6186307105,10.914052765,-0.07294257871,-1.1567588085,-1.0637157977,-0.36518429395
-23.84302095,-7.99895166,-0.0863760335,1.543988094,0.049361279778,0.0036224423,-0.0217218235,-0.430434272,9.552129725,-0.03448303753,4.0063218385,1.553764376,-8.81605291
-21.5256527,-8.174091155,0.40071001825,2.071943883,0.139761828923,0.0036224423,-0.01629496875,-0.5673198345,-4.81048496,-0.035759991135,-2.20381182355,1.8018667,-12.7454317
-20.98980065,-7.930352385,0.598645883,2.191532755,0.14217135219,0.00297584015,-0.010186871,-0.496281621,-7.007838695,0.040599944191,-4.43954585,-1.1564792748,-11.509261025
-18.7723783,-7.019534445,0.5893244891,2.03656195,0.14481742124,0.00646685915,-0.011956275525,-0.458543394,-11.3170652,-0.038446050625,-4.64757655,-0.718878604,-12.789250075
-17.3846267,-7.04832193,-0.3901776743,1.8597320455,-0.15161091355,0.00646685915,-0.01383622925,-0.4972089908,-11.51707775,-0.02400404485,-4.205685535,1.66537475115,-1.0647649015
-2.43401983625,-8.53248901,-0.9822336155,2.047565688,-0.05884147246,0.0036224423,-0.010111904133,-0.74058532,-6.055823425,-0.05192359613,6.05885199,5.285723685,-7.57082934
-4.210376365,0.105779961,-1.8094538568,2.2496537235,-0.079509507542,0.0029795302,-0.0085094544,-0.6050520368,9.02043277,-0.094284512775,7.56960925,2.2518525075,-0.00435365750000003
11.71648686,-0.5782680365,-1.855032673,3.64398237,-0.07096405334,0.00333578305,-0.01404946635,-0.597273477,27.6996628,-0.0676202551218,11.68672244,2.4125058935,13.346637605
21.511963975,5.324776248,0.5002465113,2.5536044685,-0.010027432915,0.0036958839,-0.01269807735,-1.1323868295,-6.924361082,-0.07758996325,8.53898569,-3.872199006,10.06031211
9.08058086,-0.138437495,-1.231259619,2.99780506,-0.084349514075,0.00394558215,-0.0149611906,-0.663313835,5.039082495,-0.070434864145,3.6086799825,0.121259072,-11.033591023
9.79373698,1.44228659,-2.35767469855,1.727408328,-0.129074142025,0.0029795302,-0.0091132536,-1.3720302015,-15.30718105,-0.0998676071,1.4074993205,0.8234855441,3.7496612795
-3.5671735285,4.612678445,-1.7902767945,1.5113550218,-0.08269957181,0.0113556587,-0.0077061012,-1.2144164345,-21.5983565,-0.0572370901,1.250024599375,0.078405563,3.9058783355
-19.553479725,-8.556348635,-0.4660587035,1.8414653845,-0.020982436798,0.0036224423,-0.015848981,-0.5990778115,-1.0010770095,-0.040106821855,1.977008535,0.677588067,-6.209612035
-27.43533425,-11.60055929,0.07940292345,2.409085155,0.413109321373,0.0036224423,-0.0129625719,-0.38352571245,4.820609225,-0.018291096527,-4.93996185,-1.04177454325,-15.82488695
-22.1898837,-8.80999415,-1.09120374365,-1.5818758685,-0.14190926031,0.0131108628,0.03698290585,1.7740593655,-10.57324892,0.06881672285,-3.17866437,-0.2744226967,14.48365035
-16.56865045,-2.375076157,-1.188204935,-0.42214743015,-0.05132265445,0.00337274405,0.0316253918,1.3636520975,13.91547865,-0.03106281455,14.033424475,5.467894575,21.51482285
2.58985663,9.634490215,-0.2361717076,-5.91454727,-0.029923439525,0.00333578305,0.00674431145,1.8933814145,40.27219615,-0.02275643306,11.33034684,5.555581915,14.554968975
23.7801042,7.41416935,0.086508383,-4.328723085,-0.040075956705,0.0036958839,0.0226698632,1.665157578,21.2799052,-0.02951480645,14.02043705,3.381891011,22.4529659
25.77239995,5.62546285,0.24913557,-4.45278408,0.2597086577925,0.0036958839,0.0336597552,2.17964155,20.77513405,-0.03072133615,11.473502375,-2.494411395,19.6422965
27.0333517,7.107144025,0.1056708125,-3.393388336,-0.1290641414025,0.0036958839,0.035471410775,1.7683305745,14.201078925,0.19650472455,7.968804685,-2.416623765,14.80075495
11.07339255,0.3597038295,-3.679395302,-4.234939568,-0.1556916560575,0.00333578305,0.03623553035,1.666853076,11.887438,-0.0532550118,9.548935365,-3.1310724795,12.082125075
-3.866446488,4.7059520775,-0.3194573127,-3.686002023,0.06068849454,0.00394558215,0.04357828335,2.176602605,-11.33242275,0.22488974627,13.536552925,2.4250645135,-6.337114638
-21.8543921,-8.35611459,0.441036977,-2.743399065,0.0019079780575,0.00646685915,0.06192380315,1.399065108,-8.286439975,0.105724166066,4.33788897,0.35979586895,-2.37058763
-23.28189425,-9.69864752,0.377129372,-1.402782494,0.1210109903625,0.00646685915,0.04730244935,1.065033243,-11.486838625,0.155745995066,-2.986802172,-1.802825011,-2.0654125615
-21.64289445,-8.59801308,0.532871592085,-2.569810053,0.0305605207625,0.00646685915,0.04201153835,1.2809288315,-10.81784735,0.096424086466,-0.628764694,0.9955192015,-0.139856543
-20.658485025,-8.55378115,-0.742999222785,-3.864611495,-0.1275530395925,0.0166018818,0.038134146,1.77771021,-14.658497975,-0.0469026683,-5.06173578,-0.9650823373,14.7803629
-19.4722871,-6.5914348685,-1.62627175,-0.2342872073,0.10703065574,0.00337274405,0.0415090942,1.4413461805,5.459203,-0.03581022035,13.637537975,4.0874017835,20.47612005
15.1509019,11.054520705,1.0474512865,4.439388495,-0.05279125443,0.00333578305,0.0140132364,1.8305093415,32.37407215,-0.03530084771,15.6663843,6.657626465,19.685910775
25.86177645,6.89413292,-2.3429987205,4.40890288,-0.10301967799,0.00333578305,0.0311510467,1.5732568345,35.45761925,-0.023501509435,12.06111112,3.363867936,26.5305498
27.71467755,6.98984341,-0.64363652725,-1.8510428465,-0.0608272275075,0.0036958839,0.035471410775,1.779772305,16.98325305,0.07994465485,8.02891856,-2.370177948,17.75073765
22.2996573,5.09941785,-0.128067267,-4.53789099,-0.0062467398075,0.0036958839,0.0377842852,2.000842602,18.37378315,-0.0576808684,9.83987007,-1.7197809455,15.477506875
16.75015515,8.42820559,-2.73255554085,-6.360683815,-0.0485776172225,0.0036958839,0.03778428535,1.469381173,17.60223515,-0.0668063589,15.6588705,-2.102000511,13.601610225
-5.8070587115,0.365706677,-0.38034844365,2.4935914215,-0.045859257285,0.0036224423,0.05775759965,1.9264500515,-2.052402345,-0.03699107113,16.848130925,3.60292254575,-4.7624015524
-20.46880225,-8.37277767,0.4122638,1.8015000345,-0.1036847513425,0.00646685915,0.05558210135,1.2964556835,-10.113635125,0.105700881541,7.58320923,1.9923426297,-2.7508289695
-22.2407971,-9.24468892,0.3717304315,-3.79702853,0.0395136890995,0.00646685915,0.0453439352,1.3289635775,-11.0153064,0.23364869195,-3.87015317,-1.4545836825,-1.254306481
-21.3433532,-8.88236847,-0.3954503418,-3.142750415,0.4702278043575,0.0166018818,0.0416429817,1.7320486215,-14.79467115,0.0898228888,-4.463512055,-1.1353244083,14.960984075
-15.1391948,-5.0401236815,-1.3001257335,3.356531406,0.72851493354,0.00337274405,0.03618485265,1.979816565,-5.6467389045,-0.02160666425,6.68763645,2.162783792,19.378836075
-1.1320133445,7.38383949,-1.5249511845,3.81086559,-0.02845843631,0.0036958839,0.0346126404,1.804929641,18.03079785,-0.0368239200218,11.304785075,4.431832645,16.85961555
26.66116195,8.53416704,-0.3979233405,-3.530254075,-0.0069237832775,0.00333578305,0.031340223275,2.14160092,30.85511215,-0.0400477849718,14.672006205,4.752635075,28.38520865
33.9343202,13.59636391,1.680652903,0.75514618775,0.0122069494425,0.00336456645,0.022044543275,3.758889855,-0.0920514800000002,0.3487034776,18.734670465,5.356517034,23.47950846
19.996204,9.631434125,-2.445240221,4.44640909,0.475021740775,0.0036958839,0.0364409664,1.914075613,11.040630445,0.18547597845,13.33452125,-1.3640355775,18.56677995
22.27136785,5.474274839,0.670704727,3.3754662,0.310346729125,0.0036958839,0.03563927955,1.2963092705,13.658069725,-0.0511951893,11.17934914,-1.80263168,13.150523325
1.128899993,7.321877515,-0.598602084695,3.427984445,0.086308599973,0.00394558215,0.04110663765,2.196099955,-10.10340763,-0.00963514672,12.61707596,3.126583612,-3.7385735835
-21.6807433,-8.94348109,-0.34783692,2.144731782,0.00650758154,0.00646685915,0.04360897385,1.2039457955,-8.432764645,0.092696149116,4.8888387175,1.409845426615,-3.636376298
-26.5088824,-10.5335569,-0.65899846595,2.563216355,0.002273692423,0.0036224423,0.03391988085,0.8336018395,3.90144958,0.07291571287,2.1454374845,0.3067268215,-6.089506345
-20.61356925,-8.256027295,0.53190551745,2.200591774,0.45668907354,0.00646685915,0.04580026985,1.130208509,-10.19013245,0.243456354416,4.978848965,0.69474786385,-2.1186956787
-23.3817231,-9.69943025,0.2517074578,2.6263272775,0.380339915823,0.0036224423,0.04305543985,1.177229226,-4.785486105,0.212526111146,-0.933692147,-0.05896249385,-12.630685325
-25.80759345,-8.387998675,-1.01211253355,1.853615535,0.367802713873,0.00337274405,0.03198952285,1.0145178365,12.068586875,0.09249755065,1.0558013885,0.452861544,13.31353325
4.3375892385,10.850000585,0.181139939,4.73170301,-0.0309307443,0.00333578305,0.02456391755,1.3036934165,38.3728479,-0.054217889575,12.62659006,-0.3428383445,19.50551715
18.300144025,12.84543771,1.5829806755,5.364812005,0.33417101105,0.00333578305,0.01745541965,1.508285173,41.5753512,-0.0281743218218,18.25693345,7.297319945,20.85847445
25.4809578,7.77048139,0.404476483,3.16747472,0.382821513125,0.0036958839,0.0358312244,1.7760607035,22.2794623,0.04363239825,17.6092433,-1.5199758085,26.12176315
24.190053,6.46296477,-0.436275804,2.639175624,0.100930186025,0.0036958839,0.020337447975,1.455364892,13.6413661,-0.000510883550000001,9.54252447,-1.186313121,15.0536249
21.82441775,6.57736833,0.54214353675,2.920644778,0.379228451625,0.0036958839,0.0356392794,1.6647015825,14.171670875,-0.0487888413,9.78413748,-2.1737660945,15.03165755
-5.13628975,6.225776705,-2.624002489,2.927448827,0.02946799954,0.0036958839,0.03639468055,1.439249912,6.48751256,-0.054682699838,10.127095155,-1.1984446577,9.00516516
-10.64904018,-3.37725205,-0.03662282704,2.1878754005,-0.12540474805,0.0036224423,0.05433398535,1.8245351015,-4.01630695,0.04655423682,17.25128085,6.904067095,-1.809720666
-20.78130005,-8.873966455,0.85677002325,1.491225619,0.5418387704075,0.00646685915,0.07229175865,1.248731649,-7.805184465,0.095779422341,1.0505582165,0.7651076448,-0.993578651
-22.1826091,-9.026259745,0.3913885987,0.7162563115,0.4766674341075,0.00646685915,0.032372995,1.128289317,-10.61927235,0.145375363216,-0.8400528365,1.0319978515,-1.09533420005
-20.92930775,-8.95630458,0.3803298699,1.0380041755,0.4198193164575,0.00646685915,0.04042780265,1.200889401,-9.93407995,0.264811228616,-3.4387754,-1.2563870895,-0.3447594635
-21.0203356,-9.52786265,-0.0210775851,1.84550087255,0.1745594980575,0.00646685915,0.0582972893,1.3267697075,-9.49672714,0.201787776396,-3.182680123,-0.2898355857,-11.477236425
-19.88537415,-6.552480265,-0.9243724445,3.673557885,0.47499142294,0.00337274405,0.02668034365,0.9743134535,14.7463092,-0.0211298509,12.986561235,6.03336334,24.77870955
22.1165265,11.20568424,0.4903799235,5.295714135,-0.00196993257,0.00333578305,0.0051805499,1.735494952,20.36852445,-0.0258218615668,17.6101927,8.046075193,22.0643387
26.31367485,5.324364106,1.07353753275,-3.753899675,0.3101162500925,0.0036958839,0.0253366477,2.066968085,23.76910415,-0.03415958645,16.5822952,5.22244712,26.3547529
27.4639922,7.106023035,-0.8341979667,-5.564986505,0.1369675695925,0.0036958839,0.022290508775,1.968141955,19.11710475,0.17923539305,9.03295933,0.2350686935,17.8577158
23.9586088,6.302802935,0.5509245285,-4.434427365,0.1499066111925,0.0036958839,0.035471410775,1.89901712,17.040787625,0.11197460165,15.570050175,-2.742966341,15.9551432
-4.57986941,5.59267542,-3.873477408,-6.33767676,0.27503114259,0.00333578305,0.0353141276,1.3750313635,12.144415235,0.0015024468,13.766404425,-2.1188643785,7.49802083
-10.17283744,-0.99562966635,0.39633308747,-3.023982901,0.7503500158075,0.00297584015,0.05914295735,2.07722674,-6.46659466,0.16422025922,9.445272535,2.166203840165,0.6323342485
-21.3484427,-8.586229505,0.37838113895,0.4432696475,0.1217155905575,0.00646685915,0.05558210135,1.3777609375,-10.9928547,0.236951407766,6.61688209,0.4393462055,-2.7244205635
-21.70112095,-8.55880779,0.80542839315,-3.07399423,0.4924847552575,0.00646685915,0.0453439352,1.167297753,-11.281877575,-0.03999482615,-3.516300385,0.1797165425,-0.71302170635
-21.4700393,-9.006745935,0.377802452,-2.92573865855,0.0793721041575,0.00646685915,0.0453439352,1.3453514665,-11.472087925,0.10274802733,-3.82775389,-1.401247707,-2.2347893745
-22.9052165,-9.61538751,0.2481465085,-3.592027095,0.4449588135075,0.00646685915,0.0520666502,1.3361748795,-11.5100399,0.20656907798,-4.650069855,-0.956879699815,-11.8128371
-21.725145775,-9.011301125,-0.82240251195,-4.343302935,0.4672981832075,0.0166018818,0.037670334,1.8871572255,-12.27078645,-0.04714836365,-4.729278065,-1.28265096,14.374512875
-1.67822412,8.053172805,0.48314341005,4.869203029,-0.073050861364,0.0036958839,0.0291754906,2.009641152,12.730262185,-0.03698701615,3.8971705565,1.4707034285,22.75999795
16.242212975,11.0390156,1.34168709985,-3.8612311825,0.2966775306,0.00333578305,0.01301990345,1.886943735,38.43621815,-0.0214725477,17.3441794,7.65273691,21.93704135
21.46637515,5.760432515,0.216417198,1.9014045076,0.2548625947925,0.00333578305,0.0231860987,2.12678713,18.71832285,-0.02748076627,14.300822785,5.36532396,26.6537594
23.8895671,5.5775144662,-2.167816547,-5.32961367,0.0886032453425,0.00333578305,0.033497429775,1.964816545,16.955096375,0.1282563347,11.84459127,-3.7098948635,17.248133025
30.2828071,6.118159773,-1.438353592,-5.564400602,0.2019733545425,0.0036958839,0.033497429775,1.986068488,19.5837484,-0.02481674525,7.562045635,-3.751405191,16.6852185
11.544624465,2.1213703345,0.425622371075,-5.79280496,0.02732683109,0.0036958839,0.03820951135,1.637844975,14.04364605,-0.06871128,10.89047395,-1.799633176997,14.989413675
-12.6992163,0.710312115,0.0663890178,3.1506397,0.20150978599,0.0036224423,0.06615222035,1.871227871,-3.68452288,0.10888098362,15.076673815,6.626782565,-1.8813081623
-21.54759125,-7.88781779,0.1829600955,1.730037965,0.510738491323,0.0036224423,0.04280040285,1.2484435265,-4.7154778,0.231090703416,4.0834013,1.0431515745,-3.5022794445
-26.3955501,-10.62698727,0.05676969395,1.3994741725,0.40961302639,0.0036224423,0.02561524235,0.931690698,1.2640784865,0.185662741051,3.3785780045,0.2197298198,-5.670231665
-23.43054405,-9.45364328,0.4258179345,-1.9823500875,0.1927865863575,0.00646685915,0.048557814,1.1863571495,-11.67526945,0.181544942746,-4.647631435,-0.78642587015,-11.6836353
-21.6459501,-8.96129953,-1.0773648475,1.04416920575,0.1783572156075,0.0131108628,0.0399051567,1.789964344,-10.7201387,-0.036126365181,-4.781484785,-0.910302545,15.2392303
-19.7760775,-2.732481946,0.0747109212,2.8539310965,-0.04942885055,0.0030126432,0.0240808843,1.419891325,14.29936185,-0.04138228314,4.9906241085,4.93605816,19.4804863
-5.516535335,6.87516896,-3.445612148,2.71096991,0.198066798285,0.00333578305,0.0091593709,1.6440671915,17.49689945,-0.0221662505,15.377746775,5.4090339555,14.16967576
25.3339596,7.419133565,1.28335622475,5.090377365,0.2205751538925,0.00333578305,0.0335411422,1.780337958,22.1200635,-0.02470783775,15.743677575,5.672837275,25.5939976
39.4412568,7.95048098,0.07002106,4.985624114,0.12369747466,0.0030044656,0.019744364775,2.09599644,35.93257835,0.15801476855,11.629916475,1.7176550385,23.03997185
23.00734135,6.34660595,0.73807424035,4.257116165,0.3598933091925,0.0036958839,0.0367063374,1.740346687,18.3384034,0.08894297735,11.3642536,-2.28785258625,16.48226965
-5.23256111,6.04500977,-1.8300838215,3.0873643245,0.00413320879,0.0036958839,0.0368779623,1.34171211215,11.7843253,-0.06938028325,11.803488655,-1.3063416865,11.557022025
-16.96856105,-4.307127555,-0.0987611307350001,1.65858202,0.0728946208375,0.00646685915,0.05184505735,1.6050073555,-10.0559456,0.06401058307,18.13156855,5.283314655,-3.8979571515
-21.4676376,-8.08054347,0.5323163635,2.53617352,0.53022589954,0.00646685915,0.04659469835,1.1375276155,-11.146508375,0.206396859016,1.85425621,1.23132872535,-1.546087074
-23.2635007,-9.775315475,0.47180715955,0.877915302,0.1078337733975,0.00646685915,0.0264987465,0.9419070535,-11.027090875,0.189982964966,-2.687380962,-2.26248742475,-1.41044120354
-23.1861535,-9.41752831,0.49835603615,-0.970002562,0.0734356461575,0.00646685915,0.0590861743,1.3329291015,-10.4822524,0.225551261696,-4.571900445,-0.527791311,-12.03915735
-20.20773705,-7.469604095,-1.147887086,1.312884267,0.023905417075,0.0131108628,0.0365030429,1.746623246,-10.362115025,-0.027243025781,-3.29869086,0.279037676,14.01777445
-0.3763168,7.16992667,-0.215189053,1.8938654174,-0.022870997835,0.00333578305,0.02366589865,0.6876797095,35.48058555,-0.0541386781,11.65999967,-2.069082349,17.846148725
12.35704015,3.24689098987,0.288394553,4.499750245,0.05480740338,0.00333578305,0.0314454034,1.5644967195,32.91511025,-0.0374893052918,17.2793918,5.02553603,21.5056577
22.828671725,7.039476155,0.79568376045,1.681837271,0.4030108189925,0.0036958839,0.0377842852,2.029804312,22.23731365,-0.01031361585,16.15597,-1.1020431058,29.0239224
21.7326155,6.64492042,-0.64871292925,-3.7952907635,0.3678168563425,0.0036958839,0.0354417912,2.22025967,11.43121037,-0.04473632365,9.23909608,-1.69595261625,18.5526953
24.3377312,5.450698737,-1.15862489825,-6.07895662,0.1814022211425,0.0036958839,0.035471410775,1.804224705,17.4350837,-0.0286849398,7.86625539,-3.8251831055,15.262956225
12.316224635,2.308091524,-2.7032235595,-5.202680545,0.3619737989925,0.0036958839,0.03623553035,1.6962236555,17.5258296,-0.0465714609,10.274583035,-2.466831067,12.4876878
-17.78554855,1.523769426,0.130198225,2.360765656,0.13666062536,0.0036224423,0.06649493435,1.429711415,7.37068495,-0.03861602093,18.26298465,5.252117905,-4.783133456
-21.479826175,-8.42225467,0.62099522985,1.6285783,-0.14154794008,0.00646685915,0.05460602765,1.256448101,-9.335803075,0.095797832216,4.95905766,1.388456265,-2.768936289
-21.11480735,-8.596384705,0.533954075475,2.314199167,0.52756710559,0.00297584015,0.05624507185,1.1553915485,-7.01239358,0.162883944066,4.07422073,1.013114122,-2.4857735315
-21.78027775,-8.68187073,0.75189441606,1.361099296,0.5419522397075,0.00646685915,0.0454049248,1.0913839445,-8.93239458,0.076680403791,-2.488980344,0.5183367327,0.130043142
-20.66109695,-7.796694555,-1.3634240885,1.295479141,-0.084479728005,0.00337274405,0.03625830455,1.7707492995,-6.10771575,-0.0476001034,-4.587586955,-0.68934169552,14.9844473
-13.221700925,-4.1434271165,-1.09302717395,3.547810235,0.5569489828575,0.0166018818,0.0389222904,1.67209346,-13.64083975,-0.0378818953,18.189536285,6.966460055,20.012499175
6.027010117,10.269113065,-0.1825493055,4.50345984,0.2523359704,0.00333578305,0.01658857815,1.337658084,42.9005282,-0.011304659075,15.68204155,8.631199105,17.2761589
25.3477721,8.927850765,1.3505243303,5.01333403,0.3862362838425,0.00333578305,0.0347323562,2.0514733715,21.4131872,-0.01402479295,18.162437275,5.688713655,27.0762575
24.05910215,6.773352265,-0.420824353,3.300202937,0.2639210431925,0.0036958839,0.0345557884,1.5559112735,18.732394525,0.05818336715,11.094461335,-2.75415852015,17.3807787
25.5931005,5.811034159,-1.71367374515,3.17024304,0.145227577675,0.0036958839,0.033518349975,1.4132139385,14.885560875,0.0555531366,7.94557041,-3.308953382,14.5747396
-3.3122321775,6.2522384315,-2.711574973,1.1842295675,0.302252909723,0.0036958839,0.03813391115,1.0785827485,11.57385798,0.0722314317,14.70899084,-1.257160354,10.98494965
-20.6837868,9.526615005,0.0585170434,1.5705799248,0.498188508073,0.00394558215,0.04254767905,1.2807840985,5.13175481,0.14212011417,9.948172794,1.6054235833,-5.3124559795
-20.9540667,-7.7318835,0.5412726562,1.55334517,0.48356277214,0.00646685915,0.04086941335,1.1859992965,-11.176024125,0.19224401652,5.77715997,0.56738502615,-2.836469401
-21.4350184,-8.26530704,0.636940544875,2.474041867,0.51088265629,0.00646685915,0.03166831005,0.947874892,-10.271081625,0.209701109491,-0.4502668305,0.0875679002,-0.132870013
-21.81983965,-8.764095175,0.518123374,2.1653356465,0.102219795075,0.00646685915,0.01806787705,0.877715661,-11.7800651,0.173720371491,-0.5794445263,0.19395725935,0.00460426249999994
-24.7006066,-7.955237595,-1.144686926,1.053394552,0.468634964473,0.00337274405,0.03032870045,0.9139158505,10.321545575,-0.032628157985,-2.6048838805,1.10408906,21.20245085
-3.8663217888,7.45754296,-2.5673827815,-1.011205907,0.29051505938,0.0036958839,0.00102326935,1.763004782,19.490073375,-0.027116687825,16.127312125,5.0786947325,16.142881025
17.988908475,8.55165249,0.6255156365,0.368996988525,0.413902303565,0.0036958839,0.0361022263,1.6812492345,18.45765325,-0.0351623799218,10.50048854,3.6832171,24.0843179
36.601819,7.341728525,-1.079332471,0.685844869,0.073685955575,0.0030044656,0.031774188975,1.6596449445,19.37114675,-0.07261707105,11.071780335,-3.909277047,16.325124425
26.84023385,6.894905215,-0.2029353465,3.539621785,0.118016016925,0.0036958839,0.0190761924,1.675045587,20.5037187,0.11294928185,10.29478874,1.121510096,15.26906675
12.42822993,8.547755835,-1.9436828575,2.4656583905,0.637170366673,0.0036958839,0.03575263645,2.3047985525,-2.396219616,0.111403049462,13.33194779,-0.28437650995,15.13010695
-1.13785538225,8.24302697,0.25541792545,2.345440435,0.491239524973,0.00394558215,0.04803327275,1.385061181,6.398172655,0.12310152862,12.340962565,1.22226586655,-7.442156215
-22.4892274,-8.102387615,0.2603054885,1.5361442815,0.453260083323,0.0036224423,0.03739569835,1.247542499,-5.11917528,0.15230939672,5.112718437,1.2498437705,-3.834870237
-21.7431307,-8.268868935,0.36651252085,2.49813842,0.073865088843,0.00297584015,0.02819459585,1.1011806375,-6.181597655,0.212737566616,2.0094308082,1.334730450775,0.152373014
-20.3628043,-8.346050345,0.6820437351,2.0520522825,0.198866477675,0.00646685915,0.05971878235,1.030751427,-11.655171575,0.213286476491,-1.72568417575,0.0895563578000001,0.0323469079999999
-21.112946,-8.814661495,0.8614539822,-3.885740345,0.6075724995075,0.00646685915,0.06125408965,1.6061798575,-7.76247645,0.23271456323,-2.666280711,-1.0454005015,-11.075028425
-23.4236645,-7.13463539,-0.97624450505,-3.525306715,-0.02415509141,0.00337274405,0.0373095669,1.6531432085,14.20457788,-0.02368939905,-3.137366625,0.1377265955,16.5670463
-15.98843445,10.211403475,-1.40659502935,-6.688464775,0.34790740545,0.00333578305,0.0274159536,1.435230375,29.84408205,-0.022866719915,15.04082525,2.4922364864,20.4082811
-4.845113466,7.916480035,-2.3936334228,3.78867022,0.37263739429,0.0036958839,0.02337392565,1.653175731,17.6141867,-0.024875240775,17.57324915,7.17582094,17.5764139
23.3263151,6.77728487,-1.1227165905,-5.84136256,-0.0309147605075,0.00333578305,0.033497429775,2.1988521725,18.378269425,-0.0492803713,9.28962205,-2.929911981,25.16472605
24.48786595,6.82986558,0.3030575215,2.394195956,0.3217320260925,0.0036958839,0.0354960184,1.9648219775,20.94591825,0.12281550035,10.5699004,-1.400932741,19.338047575
20.9821941,5.56794715,-1.8276550745,4.422670735,0.4089872391925,0.0036958839,0.0367063374,1.6480042295,13.98378675,0.12288389095,10.427318695,-0.9282386385,15.9903526
12.37804364,5.071269555,-2.4294894845,4.059696374,0.01320278649,0.0036958839,0.03779936505,1.4807597775,15.8315065,0.11140883755,11.825168975,-1.64593537985,14.928220075
-1.2957168487,8.18461132,0.49750714465,3.17863274,0.563836419573,0.00394558215,0.0408557726,1.7685029765,-2.8318683779,0.32135319737,18.35205199,4.06514477,-5.698258418
-21.15586305,-7.943295795,0.3834447708,1.5249400935,0.14851329549,0.00646685915,0.03746554735,1.325380373,-8.0107748,0.15601628082,8.812917135,1.695179102,-3.9799104985
-25.01204385,-9.86465971,0.1727292765,1.989826434,0.130013248058,0.0036224423,0.02819459585,0.9806138225,1.04662599605,0.234022581551,7.19708391,1.01062692825,-5.713633647
-22.38758585,-4.995537666,-0.63247559365,1.9004703795,-0.08954545346,0.00225497065,-0.01507358995,1.1212133225,12.59191709,-0.03625614413,3.805308978,4.816019155,-6.157155335
12.94670597,11.424844575,1.51694814475,2.982439344,-0.053617435825,0.00333578305,-0.01252832155,1.006978487,37.54424475,-0.043300098425,14.3053852,8.694667005,10.40928297
12.77928508,9.769655795,0.61019485495,-6.262550085,0.36014944365,0.00333578305,-0.0067077218,1.591791466,33.5481295,-0.0459474118718,15.1975238,4.744000925,14.886182925
32.5903683,8.92766058,0.46741415005,0.7254126545,-0.11103915328,0.00805220415,-0.000182853975,3.83485616,-11.58556433,0.55437527814,1.78069019225,1.4392000025,20.28005695
31.74207185,7.613944085,-0.233278783,-0.3304595025,-0.0642214449,0.00805220415,-0.0082699873,3.085081485,-19.01887535,-0.039365882225,-12.91870345,2.1510250165,-3.24307235
5.371296585,8.80665938,-0.2659971825,0.9708695525,-0.03581104475,0.00805220415,-0.0107259567,1.913802213,-20.24384625,-0.060590544515,-11.522914925,-0.1890287025,0.00333082050000006
2.196536729,4.2068467535,-0.5672657965,-2.957873355,-0.10470372125,0.00646685915,-0.0103247284,1.866609758,-19.08985315,-0.062878911605,-5.885356625,-0.07480102205,-0.5355470228
-21.22866135,-8.768221855,0.131722075425,0.07433237005,0.0720988555575,0.00646685915,-0.02493626365,1.3788586,-11.645030725,-0.0282087254,-1.39940677095,0.3222649045,-11.16478205
-23.39292965,-9.68727591,-0.1031823413,-2.483227925,-0.17067665115,0.00646685915,-0.0179931567,1.12779739,-11.79554615,0.100985785746,-8.377525365,-0.227163315,-13.751610675
-20.1085515,-9.19201284,-0.52136947485,0.930069262,-0.18776296278,0.00646685915,-0.0191006738,1.179871503,-12.13161415,-0.034312480025,-5.170342955,-1.4766949095,-13.106059575
-20.59455565,-8.812399545,-0.5756654117,1.119540723,-0.1599854668925,0.00646685915,-0.01867115135,1.237806402,-11.0415931,-0.04075425755,-4.88269226,0.7579175063,-3.9020642435
-17.530336925,-4.9232629,-0.6672595864,1.0270062815,-0.1142981632925,0.00646685915,-0.0196260851,1.4693751465,-8.928052075,-0.03747908099,8.944274445,4.79202367,-5.033872285
8.12760575,2.4447892055,-0.8380669953,4.2890497703,-0.05149822171,0.0036958839,-0.01065563335,1.753293856,5.817000495,-0.055699693475,10.24670475,3.846984275,6.7096933
19.16035745,4.368838187,0.6741658148,-0.0393360305,0.01115286659,0.00333578305,-0.00664141365,1.821970238,27.8114171,-0.04896165146485,10.46223825,-2.774492768,13.00150605
25.63824595,5.18810806,0.3452374205,-2.46738656,-0.0516904563325,0.00394558215,-0.0067327387,1.6200937955,7.486879535,0.4018724408,1.52212741575,1.6778905865,7.2652697
36.1975807,10.033592405,1.587863567,-2.107777902,-0.07461146345,0.00805220415,-0.008207221,2.94613341,-14.373934375,-0.027979692015,-1.45073800635,2.8632559125,-1.52783440575
1.10478490825,5.7226957035,0.3897688963,-4.865322095,-0.0891215110275,0.00805220415,-0.0103247284,1.8209723105,-18.6142849,-0.112292973365,-5.228260905,-0.3442513965,-0.233320816
-19.37264215,-7.838368675,-0.4800189495,-3.069963645,0.0069299603575,0.00646685915,-0.0108188202,1.313959525,-13.3754679,-0.04093784429,-6.363396845,-1.46914121,1.0263102835
-20.63401485,-8.917637855,0.558080463,1.108751748,0.1894705175075,0.00646685915,-0.0188581419,1.199098,-11.833870025,-0.040378295725,-6.247036565,-1.61392877895,-11.5343141
-22.78196855,-9.600733625,0.2418594622,1.5271577495,-0.13787407835,0.00646685915,-0.00543140535,0.7260975015,-13.162401775,-0.023943712975,-9.34232085,-0.40100116835,-13.8781333
-23.26371985,-9.52803937,0.1469012893,1.063783031,-0.1407262517,0.00646685915,-0.001720714525,0.7542744365,-13.03103285,-0.034941579975,-8.678186655,-0.3579681657,-13.6596409
-19.82716535,-7.078183305,-0.595767509,1.1706357467,-0.13306920263,0.00646685915,-0.01159947885,1.041242951,-13.1179708,-0.0306485813,-8.60857559,-0.9628391925,-5.825966255
-16.369038975,-2.7555713835,-0.0701794155,1.491283182,-0.1383653186,0.00646685915,-0.0129893395,1.220777859,-8.79223562,-0.0480493233,-10.135199885,-2.006594607,-2.7814707825
10.690841285,6.311169165,1.1277328655,4.04198973,-0.01480538375,0.00333578305,-0.00862233245,1.3959551165,30.79809345,-0.08320753595,-1.579878764,-1.7303902218,8.837991025
21.58443595,4.86599704875,0.6695524842,3.19573092,-0.08738482445,0.00283232195,-0.0075347294,1.10912447025,34.01926335,-0.032858205235,17.18024375,0.9480731365,15.000802625
35.9955762,8.39782234,-0.1960694345,-1.6706556485,-0.033271037867,0.00805220415,0.00779391845,3.979801485,-14.018126725,0.76183027604,-1.0902612492,4.61999338,22.416414
27.78109045,5.6538530145,-0.657622949,-2.58892539,-0.14294119815,0.00761142705,-0.010012415925,2.723820408,-32.6307688,-0.127302686465,-19.870506525,4.34571617,-6.96131552
9.81866676,6.311068965,-0.327243596,-4.64442522,-0.09600295465,0.00805220415,-0.0095194066,1.936756182,-21.87128965,-0.1300653553,-17.0873425,0.10499851455,-1.023779772
-20.35123825,-7.8733746,-0.454909644,-4.660553515,-0.1229957977425,0.00646685915,-0.0107968232,1.2484318255,-12.5439699,-0.043470394803,-6.26561886,-2.02697004,1.7943487645
-19.4868452,-8.465304745,-0.042733650325,-4.26813901,-0.1488340815,0.00646685915,-0.0138490516,1.3362498865,-10.4580102,-0.0411343398,-8.551593965,-1.5357836481,-11.3743473
-23.9943388,-9.914927955,-0.20923428554,-4.39245986,-0.16122503135,0.0036224423,-0.0178136162,1.142174255,-4.891387135,-0.0466329464,-7.87983695,-1.828529582,-14.519026225
-26.05309105,-11.88713587,-0.21098363065,0.5029804175,-0.148560071,0.0036224423,-0.0138231685,0.8614345785,-0.719948275,-0.020246957497,-9.200683915,-0.5769435625,-16.65853415
-20.34203505,-8.800631675,-0.30167635635,0.688418113,-0.1502784736,0.00646685915,-0.017993373625,1.057259148,-12.63952415,-0.042346246075,-9.29910824,-1.686817235,-13.42328325
-20.51870105,-8.99670386,-0.7038966425,1.448460606,-0.16682093405,0.00646685915,-0.0142862816,1.174478689,-8.306213005,-0.037731174825,-8.512226115,-1.87779417,-4.394203972
-15.46017225,-0.62204711405,0.42283230045,2.073397414,-0.063756144735,0.00225497065,-0.018429400833,1.391946699,10.16670863,-0.0315184530715,8.48796025,3.1892149425,-8.02546817
-1.5831610719,7.87219438,-0.111745696,3.8942386265,0.045329787205,0.0036958839,-0.0122472711,3.422767615,-10.478220935,-0.03877523935,17.187184585,2.8318727755,11.61681515
19.8266808,12.55900741,1.193207934,-5.41138519,-0.089829232925,0.00333578305,0.00039635975,1.715455945,39.67714285,-0.0210298331718,15.9812492,8.28192118,15.70655515
24.96048455,9.38357647,1.5848022215,1.30831459725,0.0630789222125,0.00456118525,-0.0065028861,3.581625655,-10.302855875,0.312254946,8.76675867,2.087134234,16.686058825
35.55066535,10.29212455,-0.296644124,-3.117576048,-0.0653253457,0.00805220415,-0.0082699873,3.22926246,-15.04162915,0.370866122485,-2.319583159,6.280964442,-1.468960185
11.895961265,6.446310275,-1.1165691935,-4.353427225,-0.0837277425,0.00805220415,-0.0095724966,2.2408722505,-19.27848395,-0.128507943115,-11.70851765,0.6733285887,-0.028841524
-11.70327205,-5.51391965,-0.21487850045,-3.843312955,-0.1756358775,0.00646685915,-0.0101680236,1.496887467,-14.2748129,-0.05437221685,-9.969750755,-0.7578010205,-0.680409896
-20.90034015,-9.131651075,-0.1152825928,-1.463760617,0.015670236,0.00646685915,-0.0189544414,1.3023123365,-7.935988085,-0.02205881677,-9.715959595,-0.4509545795,-11.148502675
-29.2184294,-12.44059695,-0.2400807238,0.788242535,-0.11931542701,0.0036224423,-0.0138231685,0.7412430495,5.65353796,-0.03064981331,-9.284343765,-0.5742219065,-17.187796775
-27.5458325,-12.17693379,-0.29692146655,1.311112652,-0.13133853345925,0.0036224423,-0.0236834569,0.9473594455,5.481514545,-0.03200818096,-9.2068471,-1.20435455,-17.234474375
-22.4354425,-9.275310715,-0.0819527406,0.51970181715,-0.1158011854,0.00646685915,-0.005640124075,0.8498333175,-12.217526675,-0.035023101575,-9.528689865,-0.594228043,-13.90342105
-20.4127906,-8.59944626,-0.5331104519,0.59547193975,-0.16243649235,0.00297584015,-0.01861377585,1.1562495535,-6.783439585,-0.03684202005,-8.983176715,-1.5861082615,-4.5521198285
-16.022946275,-0.236437379,0.683481074,3.748190595,-0.066397947015,0.00225497065,-0.022049093333,1.317654783,27.50820195,-0.030707376495,4.513976085,5.20227837,-8.465566145
5.300077597,10.60222766,1.2085626723,4.27478847,-0.057812858015,0.00333578305,-0.00984664385,1.4119226635,40.92053295,-0.031903767325,11.91500348,3.744959344,11.246127795
19.47051465,10.507745395,0.22176024335,-4.13965284,-0.05905525067,0.00333578305,-0.00344848875,1.312378117,37.1679016,-0.03532533201485,16.63859455,8.682939055,16.211875025
32.4769061,8.2239977,0.31671833335,-0.98726606,0.02440336568,0.00805220415,-2.05285500000001e-05,3.845759935,-11.175855185,0.33355571403,2.453113069,1.832620639,19.9497312
30.0267565,8.466794525,0.83011647855,1.4648342285,-0.1457118008,0.00805220415,-0.0093875966,2.7069604115,-18.586506,-0.114154891615,-2.5223044505,0.65116075411,-1.4646826
16.53612465,5.648490786,1.16223676,2.0597615635,0.0620636112,0.00805220415,-0.0099737249,2.0357123425,-17.636612825,-0.126471069965,-5.553015245,0.2633104368,1.7155424975
-0.1235760935,-3.4962201545,-0.788820514,1.4242628385,-0.20967316443,0.00646685915,-0.01572617105,1.556434489,-16.90756855,-0.05886223084,-5.14350425,-0.3416123326,-0.1715858853
-21.9601029,-9.651308695,-0.1481844407,1.3372528795,-0.16474178001,0.00297584015,-0.0181730888,1.2435677425,-6.92357318,-0.045261653675,-4.412932845,-0.334531583715,-11.059397115
-22.90857485,-9.62959251,-0.133071039485,1.0955917615,-0.17228489658,0.00646685915,-0.00772355185,0.905749736,-11.9989329,-0.03751213795,-4.98111887,-1.088129154,-13.691075875
-20.7784491,-8.78504773,-0.34448537625,1.3502598305,-0.119881957615,0.00646685915,-0.00615620635,0.8589557165,-13.28070045,-0.0409057901,-9.26906489,-2.1769581765,-4.59870407
-17.693135175,-6.583689855,0.0640263009,2.232843077,-0.1196638610425,0.00646685915,-0.0081789706,1.2558477545,-8.269258575,-0.047504494775,-5.49628437,0.2966867165,-1.846403777
-3.7469117185,6.03237048,-2.83758052185,2.2185945555,-0.120004435285,0.0036958839,-0.0081839192,1.00093994,7.98335066,-0.055571760225,8.36384649,2.3898249495,4.00654724775
19.63330245,1.84209112,-2.77595713165,3.110626245,-0.13092088115,0.00299084255,-0.007549467575,1.1406334625,29.2148914,-0.0361260924418,12.37891505,1.6323110199,14.193960025
40.3665852,9.75162603,4.054781955,-0.09861899069,0.00912892024999999,0.0024944444,-0.006055217845,1.6387727,31.96666465,0.41913210625,-2.5577621595,2.2719272055,11.704643305
20.68724855,9.849835755,0.33675135125,-2.1869385555,0.0129634622425,0.00394558215,-0.0102724881,1.941823789,8.84879813,-0.08432815129,-4.871378605,0.9641345005,-11.87496904
26.37557645,8.133523535,-2.911979662,1.486131867,-0.00992135081499999,0.00394558215,-0.00869584985,1.195276186,12.1719181,-0.090361024952,-7.83288157,0.75679851415,-8.596799135
0.2395073413,-0.695832745,-0.7397798588,-3.52897846,-0.12729889034,0.00297584015,-0.01578226225,1.90843043,-12.159625125,-0.058878899405,-5.678254705,-0.469479011,-0.8557234532
-24.65510745,-9.82968903,-0.42522684015,1.49535014065,-0.13614011075,0.0036224423,-0.02142504425,1.105521597,5.14449673,-0.037408792777,-4.911608005,-0.76550375235,-14.1744214
-28.41960655,-12.01407309,-0.59821916155,1.50459789475,-0.09800986575,0.00225497065,-0.01920748385,1.04221961,11.5975267,-0.033218259667,-3.867677878,-0.346250184,-16.83427565
-27.00729315,-11.92283745,-0.6566050653,1.407025272,-0.05109889581,0.0036224423,-0.01841677125,0.883511787,8.24056073,-0.024674134827,-5.634074685,-1.402727804265,-17.795111
-24.4928931,-10.770568085,-0.27750196275,1.706139437,-0.15236267541,0.0036224423,-0.024345432725,1.036329823,-2.3598950505,-0.023235249747,-4.164737845,-0.9226390682,-16.1878991
-24.563632,-8.935791845,-0.50430471985,2.114185393,-0.08316380721,0.0036224423,-0.0216836246,0.960775046,11.39526388,-0.0327165036,-0.3023714553,2.808304967,-7.97861577
-0.04015903775,7.576152245,-1.212099885,-5.496910645,-0.04929561685,0.0025781105,-0.01475238405,1.2571851355,28.23017695,-0.031890841645,9.52275064,-0.87325263,-16.69978395
10.28592653,2.4599198623,-1.779360211,-4.876745375,0.04672070432,0.00333578305,-0.00802976055,1.450512114,32.1284117,-0.0591730757725,9.73909238,3.573520128,8.31631851
24.5119748,6.8364996735,-0.6642143245,4.3815776325,-0.0650142996095,0.00333578305,-0.012966896125,1.962950125,18.175232025,-0.0444875151,11.80687251,2.378013287,13.09978905
29.067582,8.3014983335,-0.11930508879,1.118181786775,0.06648345258,0.00456118525,-0.003484625275,3.856750235,-11.829996745,0.34477552596,-3.576531225,3.763386607,19.5088839
28.90532805,8.246986375,-0.69102766415,0.669375082,-0.0014298689,0.00805220415,-0.0055594883,2.598822565,-13.1738715,-0.11600287525,-3.669385463,0.00638764599999992,-2.0322653545
0.832794648,5.376620693,0.3326500278,-4.11192979,0.0841452862065,0.00805220415,-0.0103247284,1.8388267945,-19.66154795,-0.120351308465,-6.48483382,-1.1958432154,-0.1940604305
-19.37952605,-7.018905275,-0.5518738168,-0.710414297,-0.13214133273,0.00646685915,-0.01068001075,1.222967456,-13.264395475,-0.04006734905,-6.46343993,-0.971000387,1.053540157
-21.0791302,-8.97767349,-0.0570829893,1.2482328365,-0.1097703669425,0.00646685915,-0.0188281659,1.188649316,-11.6835246,-0.041200007725,-4.929804645,-1.27628912905,-11.787534825
-22.6411699,-9.50159033,-0.08923298645,1.0741320195,-0.1560677904425,0.00646685915,-0.00775352785,0.9291672235,-11.3721884,-0.037990834575,-4.472476372,-1.10122256715,-13.857109825
-21.65209105,-9.81395581,-0.09992789395,1.951131924,-0.16342286113,0.00646685915,-0.0101398206,1.037527441,-7.97400532,-0.037796271775,-4.0438367575,-1.60757555675,-13.087582525
-21.9971573,-9.62416757,-0.1876687422,1.99033391,-0.19446685343,0.00646685915,-0.011675193125,0.916253561,-12.125185825,-0.03234776195,-6.079283765,-1.01487022825,-13.64146425
-20.67241525,-8.89575269,-0.7193276933,1.9268057825,0.0411623693325,0.00646685915,-0.01826461375,1.1273223965,-11.410107575,-0.03964243005,-4.589564355,0.7922538965,-3.6107990935
-18.59733065,-4.6646608665,-0.2663372895,2.47523033,0.005745993495,0.0036224423,-0.01604358995,1.124753172,11.1456918,-0.02331149838,12.907717125,4.1849746085,-7.1166497
13.06878619,12.66967555,1.9351954825,4.10315222,-0.06862083805,0.00299084255,-0.0049209118,1.1395151785,38.098865,-0.075918171025,11.12988334,7.97458816,10.08964028
19.55250905,3.8807862235,-1.5370502265,-0.8509806825,0.01115951366,0.00333578305,-0.01171524625,1.712440571,29.1212575,-0.0355556958718,11.04485495,2.808922067,14.39212735
34.16911765,9.10751131,-0.1670927063,-1.6265961405,-0.0617258171575,0.00394558215,-0.0065587727,3.050729398,-1.246969655,0.567162897085,0.21458936385,4.637337389,13.05818775
27.0570799,6.12642312,-0.763565699,-2.0224936495,-0.14937759235,0.00805220415,-0.009943636175,2.85931295,-24.1288465,-0.124609131475,-18.9566888,4.60823412,-4.030885685
0.39915089795,6.979522695,0.1757233426,-5.46160943,-0.06525639760925,0.00394558215,-0.01088966475,1.40976197175,2.620486839,-0.098601848715,-11.31321085,0.47080959875,-7.719524585
-14.881777875,-5.88078397,-0.47424259835,-3.719009945,-0.05066877645,0.00646685915,-0.0101680236,1.4269857215,-12.9839581,-0.0491702038,-9.112447455,-1.42793951635,0.9329472885
-20.64888785,-8.758428055,0.0093081439,-4.611727265,-0.1890885852,0.00646685915,-0.0136486931,1.420048508,-8.150420575,-0.03826236475,-5.903414755,0.39848881005,-10.699995455
-24.10330345,-10.138245735,0.2367266457,-0.34798826265,-0.1156979232,0.00646685915,-0.00624347855,0.9844773755,-8.139202625,-0.023240152175,-10.0174017,-0.030757887,-14.295264825
-22.9685472,-9.345120525,0.17672111,-2.42504217,-0.136370906725,0.00646685915,-0.014282466675,1.0304938385,-12.50195705,0.185387638106,-8.20867905,-0.109676844,-13.428425725
-19.55717905,-8.38324381,-0.2652376565,-2.95176261,-0.13353166205,0.00646685915,-0.0184850859,1.201044003,-12.1553919,-0.0424441815,-9.93842242,-2.0491061875,-4.915851555
-5.50548062805,4.296638116,-0.30111675265,-2.7482802565,-0.10622200526,0.00456118525,-0.01599919195,1.92866984,-13.259586775,-0.0584909098,-1.2313325885,1.058431962,-6.86371654
7.42769624,0.340549723,0.653354754,-3.926819915,-0.09705904078,0.0036958839,-0.0096686841,1.3308388105,12.517449125,-0.063808071175,8.762670845,2.587361596,4.89289897
10.57980112,0.966581795,-1.119685041,-6.994443795,-0.08648126112,0.00333578305,-0.0141675443,1.606298785,28.5030753,-0.0582574826718,14.17806459,3.73797309,13.595267225
29.9041294,7.74876184,-0.214957601,-5.853949545,-0.005276668814,0.00394558215,-0.0067327387,1.7210410885,9.741010075,0.225685584725,-1.35951132645,1.097091815,7.589515745
34.08552625,9.595574665,-0.0828028579,-3.881848735,-0.04658266467,0.00394558215,-0.010434813525,3.16273989,-7.29900182,-0.109844731425,-6.26246516,3.336935207,-4.799619478
11.39453639,7.39024159,0.229597407285,-6.252818165,-0.0828904391,0.00394558215,-0.0105439346,1.9189795585,-6.50710819,-0.109098027815,-5.914150305,-0.6785837815,-6.2756780118
-19.3486217,-7.147945135,-0.5098334635,-4.16558504,-0.1390058588925,0.00646685915,-0.0135645451,1.341755627,-13.26337545,-0.035694339,-4.94263482,-1.05899752855,1.7999613175
-25.0746075,-10.106647875,-0.334847385,-3.24670139,0.00507989274000001,0.0036224423,-0.02196466725,1.1222999805,10.15824068,-0.03897340371,-5.967597535,-1.457266231,-15.3540283
-29.86284425,-12.397039885,-0.0366549298,-0.4775040586,0.090954350025,0.0036224423,-0.0202103963,0.892226207,4.172804215,-0.01928603775,-4.99922074,-0.9486965998,-17.3961858
-22.9167162,-9.585998955,0.2789398541,-1.1375107825,-0.1556035599,0.00646685915,-0.01165252985,0.946149134,-12.076327825,-0.04137345235,-8.484904955,-0.6008908041,-14.120633275
-22.1638181,-9.308766415,-0.06371727315,1.061287313,-0.1540513954,0.00646685915,-0.011958304575,0.866633418,-13.0567826,-0.035368059275,-10.25363413,-1.6321644898,-13.519745525
-20.659861,-8.85117709,-0.71413555225,-3.756469275,-0.1587343913,0.00646685915,-0.01835444435,1.3178280815,-8.430747095,-0.03952838265,-8.9873292,-1.890353597,-4.61875752
-19.83358135,4.62826319,-0.15162130465,-6.271663155,-0.1564121143,0.00225497065,-0.01392323895,1.3510810015,24.59190675,-0.03559028822,2.9673191903,1.261749159,-10.940761115
-3.8205442765,6.29648459,-1.0501090485,-3.63788821,0.01365291774,0.0036958839,-0.0124641856,1.722076082,10.626644335,-0.012461915375,6.57828044,-0.3703130975,4.60731972
19.26539005,4.979388868,-1.631420595,-4.147294175,-0.091152559075,0.00299084255,-0.007363542875,1.30428164,32.5071678,-0.0375645144418,14.59164765,4.4253265105,14.763020025
40.3081855,9.511565815,0.3570312557,-2.646921149,0.07548200088,0.00761142705,0.00509075515,4.626261,-15.8452842,0.705806063885,-0.8924884725,5.5282554685,24.18696185
27.69167145,7.04984267,1.431313684,-0.300065142,0.10926541938,0.00805220415,-0.01001889815,2.59874835,-18.24468855,-0.104263429175,-2.905034477,0.0215263521500001,-1.7860305695
-0.5102917595,5.348145583,0.24524494525,-3.164619885,-0.0365438731125,0.00805220415,-0.0103247284,1.909846259,-18.81279175,-0.076478640505,-4.402387065,-0.3702975502,0.3273208713
-19.39068655,-7.40548746,-0.68479866785,-4.184337155,-0.17010724378,0.00646685915,-0.01088853715,1.3152191095,-13.336375475,-0.03602077755,-6.065859455,-1.240407742,1.3343480435
-20.64328175,-8.31708067,-0.082479183,-2.770417795,0.0781989672575,0.00646685915,-0.0191547999,1.288944177,-11.5076318,-0.04237849105,-5.994001705,-1.0351877326,-10.858578125
-24.99801,-10.37953925,0.1111289398,-3.778238565,-0.17100066195,0.00297584015,-0.0178136162,1.190683687,-7.226893895,-0.038860883,-6.13359021,-1.31529375025,-13.5130863
-21.2571253,-8.72424118,-0.0142963294,-3.456017085,-0.14885066305,0.00646685915,-0.018201875425,1.1328521045,-12.130820325,-0.048142958275,-9.43000067,-1.2917958075,-13.23412165
-19.55773345,-8.4182192,-0.64529381365,-3.93817109,-0.1590299505,0.00646685915,-0.0143403161,1.3759207205,-10.06658487,-0.04313496,-9.44420659,-1.822911796,-5.04405355
-4.865384425,4.930481175,-1.4968045485,-6.332157,-0.04737272931,0.0025781105,-0.01517318,1.3700976245,11.6076348,-0.052727191765,-0.5326510342,-0.428344792415,-13.52850475
5.21160443,-0.4173402035,-5.283835265,-7.825609885,-0.16488115445,0.00333578305,-0.00822072355,1.5598984635,19.209586,-0.0803495627,0.0111771875,0.3402533278,4.479405254
19.1899836,4.407293885,-1.930964258,-5.969921605,-0.1143905980725,0.0036958839,-0.007848409325,2.0577606565,15.92317435,-0.0522044330468,2.864608702,-3.4580740575,12.031201215
24.78651345,7.0512904375,-0.8408502855,-4.47444341,-0.026912034255,0.00805220415,-0.000245619724999999,3.47357564,-16.4585628,-0.04323783774,-0.198384146,0.2717791753,18.57743475
31.54829115,7.90447732,-0.11481618,-4.32401036,-0.03850663933,0.00805220415,-0.008177245,2.88374491,-13.36268455,-0.13249382325,-2.523985448,-0.0503674159,-1.694981361
16.81096775,3.4314786275,0.09875119275,-6.679893935,-0.1504752848275,0.00394558215,-0.00818837145,1.580968459,6.51424883,-0.104535027952,-5.47717613,-0.5424368404,-9.35783811
-16.5304142,-6.687861465,-0.664080832,-4.76309764,-0.14143227913,0.00646685915,-0.0099376891,1.566028511,-9.357433075,-0.04007183405,-5.045434675,-0.90285588,2.0437163975
-23.3272308,-9.704880505,0.385562013,-4.46587986,-0.083708547995,0.0036224423,-0.0251226024,1.434479432,-4.92119748,-0.049900443,-6.102120415,-0.83476391215,-12.421454025
-23.92991665,-10.457094125,-0.20649349205,-4.564302345,-0.12422100806925,0.0036224423,-0.0189752599,1.230628696,-2.23693751,-0.04941507183,-6.16555655,-1.2699268332248,-15.32973225
-28.47188525,-12.58417655,-0.3258771923,-2.85379689,0.044208081165,0.0036224423,-0.0240491149,1.0555986035,5.18404106,-0.03912038106,-5.83217569,-1.204768823,-17.1174842
-22.11253775,-9.12809981,-0.1619733294,-2.52140631,-0.1083358057,0.00646685915,-0.015879752925,0.9815458955,-12.46978525,-0.038449582725,-8.539975585,-1.3689182355,-12.8479634
-17.77988435,-6.376855945,-0.29925417775,-4.115897055,-0.11774129185,0.00646685915,-0.01855480285,1.408942068,-11.637144725,-0.049568265825,-8.00579703,-1.4649758015,-4.362821492
-14.80761175,-3.771714685,-0.1207951577,-5.19064506,-0.19269500318,0.00646685915,-0.0185213191,1.6494337145,-9.155452915,-0.05539158625,7.83587588,2.667328632,-5.38818862
9.041256375,2.2322295285,-4.79812572,-6.132746955,-0.10663613491,0.00333578305,-0.00963094105,1.6810835335,13.61116045,-0.0572215565725,8.096817835,2.861912202,5.1232021975
12.109925495,1.67030462,0.21699598835,-8.028148285,-0.01263624054,0.00333578305,-0.00853832175,1.91637157,27.1464653,-0.0897341900718,8.86128768,-3.8377815425,12.591635175
28.43291255,8.430924495,-1.433988904,-4.85691593,-0.0803725530575,0.00394558215,-0.003388701275,2.10434118,6.8623869935,-0.1139293463,-3.6310760965,0.6909424743,8.293971395
34.4023043,8.807996365,-0.6340696673,-3.598667455,0.2436419708835,0.00805220415,-0.009880869875,3.290764395,-12.885199175,-0.152197770715,-2.326830232,0.381341601,-2.3246377709
9.650093655,6.50469037,-1.6684960845,-6.20294085,-0.09258453125925,0.00394558215,-0.01031139795,1.278208049,11.01629932,-0.1164707016,-12.196803665,-0.555834575,-10.19941984
-16.366915775,-6.00780486,-0.6370658755,-4.272491,-0.17888128245,0.00646685915,-0.01088853715,1.376210511,-13.15536385,-0.049595476475,-9.725857785,-1.591667674,1.388018186
-20.82683225,-8.18332699,-0.0414585492,-3.575609135,-0.1440135547425,0.00646685915,-0.0138490516,1.379643025,-11.029654725,-0.04310610645,-5.288006725,-1.11827536435,-11.21555535
-20.5093626,-8.60960995,-0.035433665665,-3.004319005,-0.1556970829,0.00646685915,-0.0126874084,1.1729246565,-10.244367125,-0.047771078075,-9.5150829,-0.72227711775,-13.291757125
-21.28026085,-8.739468475,-0.0496624733,-2.355376775,-0.16338216705,0.00646685915,-0.0156710342,1.0342859435,-11.863639975,-0.042479330425,-9.488503645,-0.86613548885,-13.525577075
-17.460337,-6.339622775,-0.0134950388,-4.556780635,-0.14871622888,0.00646685915,-0.0123172976,1.434544548,-11.736169375,-0.054065384153,-6.662361115,-0.9287963038,-2.2451232535
-6.584892058,5.1633974845,-1.1669009853,-6.017473835,-0.00360317661,0.0036958839,-0.0160247256,1.5164114315,7.05615312,-0.070046975725,8.61103766,-1.38813755265,4.1925014315
15.170062,3.094368786,1.5485967355,-5.247249395,-0.0802622153,0.00333578305,-0.01221903375,1.280252352,32.2805806,-0.0347658720718,14.8729933,7.78865036,15.306672175
40.27315245,7.8227118488,-1.587930372,-7.95789838,0.020170389995,0.0025781105,-0.005989203595,2.22604813,27.1546752,0.253849741525,2.106900778,1.8858411904,12.20441637
36.35325595,11.582987835,-0.929932473,-3.825753565,-0.04793778887,0.00394558215,-0.010434813525,2.3137651525,9.878840725,-0.11612004554,-2.876909933,4.074939696,-10.833439405
9.988312345,7.328145295,0.304442769,-5.46851164,-0.01774764129,0.00456118525,-0.0104908446,2.078396205,-13.432641025,-0.125249174915,-6.175516545,-1.2352318008,-0.872072015
0.0831641611,-6.78486301,-0.7446828255,-3.22278287,-0.0970294797925,0.00646685915,-0.00595353685,1.6628258905,-15.87435135,-0.05429824989,-6.07755419,-0.79751178725,-0.6289825574
-21.0142286,-8.82737676,-0.1079230223,-2.60121408,0.0329198437225,0.00646685915,-0.02523292165,1.3448604305,-11.3009942,-0.0287758738,-2.8154314685,-0.1185276043,-10.75885025
-28.3730821,-12.088046345,-0.336622336785,-3.47893682,-0.12381492215,0.0036224423,-0.026785088,1.032282537,9.74720381,-0.02784209031,-5.068809715,-1.460483258,-17.881724775
-23.59901785,-9.73909254,0.1284622895,-2.63246348,-0.19355548748,0.00646685915,-0.02407127845,1.236966452,-11.196559875,-0.023486345515,-2.712928012,0.10320905615,-13.42912225
-21.293834325,-8.90002726,-0.26923719915,-3.95117807,-0.19305612003,0.00646685915,-0.022109243525,1.2801148945,-11.4137503,-0.03796856955,-4.580982845,-0.73079260495,-13.15166075
-20.50490845,-7.882416195,-0.4969598575,-4.52336977,-0.13810439655,0.0036224423,-0.0249897516,1.4703847,-1.0717474155,-0.04012125683,0.33001768485,1.08757149125,-6.65920808
-1.8871927165,6.5101384,0.0498102516,-5.640761125,-0.01171843541,0.00394558215,-0.0173269763,1.4603590635,12.3916191,-0.04579006215,10.731865865,0.06115552,-13.685585825
-0.20773586475,7.437301465,1.1144599935,-3.653593415,-0.07252886711,0.00333578305,-0.00984856635,1.6543714485,15.948156265,-0.036110693375,10.355093915,5.0640986,7.755578645
16.85001325,5.0620283655,-1.43412118465,-5.818903595,-0.0814974119,0.00333578305,-0.006942548675,1.8815761195,30.647725,-0.0396041787718,11.25435357,2.52856173,15.53041745
48.87011205,11.39482525,-1.14262540425,-1.57538419387,0.15475359645,0.00386191605,-0.003151113375,2.661558099,10.63200455,0.52975628915,-3.342474847,7.60112947,13.52103163
30.8473295,7.52295759,0.242128572,0.0631010333,0.0667696637625,0.00394558215,-0.0105100755,2.621296735,-7.454249265,-0.10984646621,-3.252155144,0.304974718,-3.928248597
15.744997625,6.820032435,-0.5438889612,-4.54800629,-0.1118418631575,0.00394558215,-0.0105139586,2.2239474275,-10.37750512,-0.109196385715,-4.19132644,-0.4235520615,-1.6949850625
-1.976277288,7.376991495,-0.6680983656,-3.640268995,-0.10681376531,0.00456118525,-0.01363538965,2.194797125,-13.460175975,-0.06776263934,-4.355813015,0.39484150655,-1.279686451
-23.0749924,-9.22765124,0.2689571953,-0.1843531383,-0.16957904755,0.0036224423,-0.02465966765,1.332231473,-0.93796333,-0.04497510878,-3.2537372719,-0.00131846645000002,-13.169178025
-29.33610265,-12.288196235,-0.1324636051,1.8901340265,-0.082482358465,0.0036224423,0.018446726175,-0.257304456325,6.9878586,-0.027821500365,-5.27963804,-0.130351468,-17.2914169
-27.6594553,-11.798834535,-0.2536835134465,1.815420628,0.065014251523,0.0036224423,0.014937889975,-0.2747446152,2.1978309775,-0.028585822365,-4.394248467,-0.8304219338,-16.06821805
-19.1989134,-7.847875445,-0.1028395822,2.763396675,-0.13191639525,0.00646685915,0.0314918702,-0.28190350685,-11.5089474,-0.037110909475,-8.805055695,-0.6709767355,-0.0619730814999999
-17.9155832,-5.405671807,-0.27604240015,2.512221802,-0.075194561515,0.00337274405,0.0481123744,-0.8156416415,0.014460375,-0.0374790086,5.7265927,6.478591885,21.33278795
4.8294172985,10.986847925,1.2708682165,4.373718705,0.03602362609,0.00333578305,0.03404287515,-0.312792254535,43.65414585,-0.018311234275,14.53675385,1.1138239779,24.04545725
13.01167315,11.69654024,1.53961524,5.058258615,-0.08053632795,0.0029917829,0.0165885783,-0.25524445425,47.55999945,-0.011218499295,23.81227055,9.70079995,16.58486485
19.321772575,9.27120573,1.279087682,2.260962547,0.052533963875,0.0036958839,0.03299234245,-0.2116822391,15.541287625,0.279045716875,17.12484414,-0.26549093945,21.9057185
13.579836785,8.15558445,1.09681235275,2.7144806325,0.02436087829,0.00805220415,0.02867558325,-0.6937319985,-16.31575965,0.57137507255,5.41941085,1.7471253685,17.2212845
10.823847635,7.79303807,1.06280140515,2.998008555,-0.10057518766,0.0181872267,0.02808884035,-1.2076527105,-17.1908546,-0.09237148155,3.236254443,1.983210831,6.671459485
-11.418074675,-4.46908241,-0.366127134425,2.241853195,-0.09877641751,0.00646685915,0.04997587865,-0.7418795795,-8.46432859,-0.03815645739,8.915146,4.33320366,-3.718506466
-21.25760475,-8.4735061,-0.2725423485,1.3653210315,-0.11603027551,0.00646685915,0.03223600705,-0.556117201,-11.0851667,-0.020469596625,8.124169845,2.29138669,-12.70841925
-18.88758915,-6.321917065,-1.3050212725,1.8803360585,-0.12031168746,0.0166018818,0.03450012075,-0.6682142505,-18.1513152,-0.0419415778,-7.27627282,-0.9759121473,13.451371275
-3.8463278365,5.78433734,0.39881774765,3.316936185,-0.09806739321,0.0036958839,0.02632345455,-0.48522972675,15.203230825,-0.03226771122,14.576090135,0.0626446759999998,21.00859735
16.10469515,6.537337665,2.42995397865,4.534419902,0.0459100063,0.0029917829,0.0205442219,-0.1985899353,44.23937185,-0.029449848725,22.765755325,8.57768284,17.4533084
40.15206415,7.591432265,-0.7409504735,-3.75612722,0.2017677278,0.00336456645,0.020316527925,-0.7831798417,23.9643015,0.35736971424,11.809086395,5.390648782,20.15627365
9.293155665,3.3968344655,0.321154779,-5.915180405,0.0497342354475,0.00805220415,0.0270777261,-1.00301585,-15.415512275,0.4319179541,4.10942828085,0.258769924,17.038713295
13.367221225,8.616242105,0.6538540316,4.292518175,-0.14503870662,0.0146962078,0.02355682525,-1.2852766425,-17.727782325,-0.092299488495,9.10878279,-0.844508462,6.317610355
-0.5692383707,-1.233730353,-0.4521387069,2.94734291,0.006689093803,0.00225497065,0.05072341665,-0.5750382625,12.40800879,-0.03978732578,5.595755283,3.589736368,-9.017630145
-18.95359265,-6.47204254,-0.06057505045,2.901461765,-0.03975951505,0.00646685915,0.04636796685,-0.5423768402,-10.9380316,-0.0328944019,6.10925295,2.64988395375,-11.626167225
-28.8111165,-11.95187635,-0.42062859335,2.88154924,-0.1005359980835,0.0036224423,0.042846721125,-0.3725981525,6.850778165,-0.023086413667,-2.893472,-0.3777885345,-17.426803075
-21.81114765,-9.17320733,-0.14311379315,1.896771258,0.19879636539,0.00646685915,0.051768240325,-0.5214488442,-11.185476825,0.137261968321,-1.4851387218,0.223182723,-13.9877391
-22.19712165,-9.433211305,-0.1668963,1.740912967,-0.103994676745,0.00646685915,0.037431992775,-0.417075339,-11.753253825,0.017143470571,-3.07115837705,-0.33496723175,-13.5402574
-20.00766125,-8.13502214,-0.6682483107,2.1636413185,-0.12949703978,0.00646685915,0.04994503965,-0.52707133005,-10.27590211,-0.0371381625,-1.42228527375,1.5996817285,-0.77807474146
-13.742597225,5.56090411,-0.411796731,-2.5169006828,0.00972234206,0.0181872268,0.0331872394,-1.2878774125,-18.9433473,-0.05149988555,10.24126492,3.4654290585,13.704163465
-0.9614875335,5.33787753,0.4669903165,3.959793365,0.066292082265,0.0146962079,0.02604804055,-1.0442111215,-20.91169415,-0.0702444582,16.61849415,2.819762867,15.9325632
19.4126485,5.320301721,0.12632553085,0.0357218832,-0.042481978075,0.0036958839,0.003582105625,-0.41052460385,17.37053045,-0.02879179805,15.77813665,2.15424403705,14.6180529
18.41616625,10.712701955,0.206868576925,4.097607292,0.07363944816,0.00333578305,0.01706971105,-0.2931576478,37.2057266,0.326333103925,1.2891629585,1.206670778,19.897818075
18.87692095,11.929523515,1.13082656825,3.568403709,0.00643231314,0.0025781105,0.0201582544,-0.3637469387,32.55588635,0.183771395075,4.68100366,0.97381560875,11.37388858
-3.6836138835,2.432164309,-1.025959156,-1.037871973,0.104717112023,0.00337274395,0.0256656379,-0.702696185,5.858110865,-0.0301765281,6.6183169875,2.159725074,3.601241474
-19.4953146,-7.53248772,-0.188575479,0.39321231555,-0.09862110146,0.00646685915,0.04007498485,-0.548313829,-10.58171069,-0.02411935875,2.619785733,1.09118099045,-2.880538874
-24.49099205,-10.385318165,-0.14649925423,1.99999024,-0.103969691977,0.00297584015,0.014869590975,-0.368196741,-6.985791325,0.056187996646,-4.68388458,-0.9118023363,-13.56189695
-22.744973,-9.690323895,-0.082433579,1.854327375,0.06227805465,0.00646685915,0.0220712732,-0.34762008695,-7.969405025,0.024660950921,-9.18874798,0.3019732098,-13.423847175
-22.0677689,-9.671363795,-0.161967311815,1.647496458,-0.153173362865,0.00646685915,0.045866517975,-0.393308554,-12.32346085,-0.01902259995,-6.0567032,-1.084301369,-12.6378811
-21.5248354,-9.057509515,-0.34547857325,1.831556,0.019507672685,0.00646685915,0.0314918702,-0.3810402347,-13.0115022,-0.039119490125,-5.597396625,-1.808063418,-0.539666997
-19.7029911,-6.756644935,-1.29094313555,1.1449020263,0.09525860449,0.0166018818,0.0337242272,-0.7262420855,-18.66486165,-0.03830116925,-1.1431852625,1.1868039295,12.765676685
-3.1824152745,5.6978710355,-0.1485853859,-0.6470793395,-0.100022145565,0.0036958839,0.0047439812,-0.641162134425,6.499507972,-0.0995750735668,10.687975855,3.0875239395,17.4099858
13.1429388,1.875418058,-2.17311285775,3.80722638,-0.057890930565,0.00333578305,0.032430950625,-0.46288992595,32.5362762,-0.03063288782,14.003481415,3.769243805,15.541126175
19.9871135,4.63446559,-0.31071820275,2.918046542,-0.08056395037,0.0181872268,0.02556682565,-1.3997718485,-21.54262745,0.41874459805,13.600778325,2.4644173605,12.309187475
16.166511225,4.66442845,-0.8239712645,3.07761712,0.044320959635,0.00805220415,0.02515840885,-0.7989839215,-18.26138215,0.28008769445,4.943223435,0.8267017985,15.90748712
-4.266167595,6.299925215,-1.56553649525,2.0605381025,-0.05365813451,0.0181872267,0.0329705525,-1.20786286,-19.44249815,-0.05830065004,4.253295255,0.8876853923,5.489627475
-18.24214475,-7.70730546,-0.4791039706,2.0350546275,0.042550248545,0.00646685915,0.0370195439,-0.622354671,-8.729166145,-0.01777263579,4.290378815,3.506690435,-4.09939643
-21.49298805,-8.77398343,0.2585418446,2.2601766825,-0.13608753206,0.00646685915,0.04064268185,-0.505534619,-10.8847306,-0.019373245525,-0.46297356215,0.0560015445,-12.9295572
-24.0569378,-10.18871636,0.21252843485,2.27231126,0.072680989798,0.0036224423,0.014937889975,-0.32611730485,-5.099560845,-0.034658014535,-4.020026185,-0.3958642105,-14.723266725
-22.50388455,-9.26559175,0.4204302861,1.711381715,-0.14538083463,0.00646685915,0.039153535425,-0.34115256845,-11.988153375,-0.03287981195,-4.1676318685,-0.4726581656,-13.72102865
-18.580883375,-7.61955291,0.622259962,2.9304377,0.04950688149,0.00646685915,0.0537487615,-0.4043044236,-10.4892246,-0.038225220415,-2.5419051155,-0.03715392398,2.0724624505
0.321520837,-0.171418379,0.8760023768,3.681817263,-0.02964378796,0.00337274405,0.040971864,-0.6720715775,14.4149475,-0.02570756485,11.548195625,3.313317875,20.24761315
2.1455610515,9.22746284,0.0171178585,-4.39779704,0.05795027965,0.00333578305,0.0191286496,-0.45942994675,40.15648775,-0.02964131679,17.489711175,5.6261104,20.19210015
3.772218491,10.00910402,-3.519579315,3.2424137745,0.016909589685,0.00333578305,0.01752914365,-0.41788499365,40.53065875,-0.02498021313,15.3390692,6.023715244,11.97397885
23.3859616,5.4933549512,1.09814808515,3.029743135,0.093313816475,0.0036958839,0.01813519345,-1.145230368,-11.94446096,0.50773079535,10.45614914,3.5445480835,15.102698085
24.7063615,6.963456205,0.722767204,2.852171958,0.543764172865,0.00805220415,0.02400429275,-0.8417572638,-11.96483837,0.45675198975,6.38282803,1.8333345122,15.209535525
-0.198492449,6.129611845,0.1628250855465,2.57556207,-0.09001826601,0.0181872267,0.02829028525,-1.136271077,-16.8876086,-0.10240875694,7.82606347,1.31994282625,6.274447623
-23.47833225,-7.85429563,-0.4366086186,0.6577600285,0.019621482227,0.0036224423,0.03211979685,-0.4812716205,12.32936715,0.07431795652,11.67020557,4.3276525,-7.755669945
-26.59813085,-10.4624923,-0.6132519753,0.554747385,-0.1003342437885,0.00225497065,0.030802274,-0.4418132,11.60403355,0.1587291838,5.355913854,-0.06133036545,-14.5881022
-28.8646872,-11.84699129,-0.06094899215,0.4587175651,0.015040398298,0.0036224423,0.015114329325,-0.38646545565,3.576784665,0.041896700103,2.113723978,-0.24885663615,-15.7904882
-20.912836175,-8.41719021,-0.42679182435,2.075654793,-0.117051848815,0.00297584015,0.0334228605,-0.3644874326,-6.4088168,-0.03579344001,-5.783696215,-1.3166010745,0.858365557
-23.3974111,-7.16710496,-0.16422158944,3.25432176,-0.071611401055,0.0030126432,0.025209992,-0.406104905,34.43417825,-0.0418161042,-2.129566055,1.501119754,23.36808135
-9.69860984,0.8641795884,-0.1356675275,4.0265336885,0.170219750115,0.0166018818,0.04980384775,-0.75465223045,-13.41099095,-0.04618483665,16.394520355,9.19276607,21.721166
14.69906645,10.82072043,1.666859707,5.139977105,-0.08511978695,0.00283232195,0.01231841655,-0.2753346445,39.1906183,-0.02755812425,19.2165493,4.314406885,15.634583075
25.72593945,7.380390445,-1.3667485287,0.7085102385,0.0287904945925,0.0036958839,0.033497429925,-0.5210334385,20.9800112,0.21997843775,12.64473831,1.578896209,19.89625265
15.409048525,3.10650529015,1.2430447985,3.08210482,0.527528653565,0.00805220415,0.0248288496,-0.770131199,-16.47763515,0.2078078475,6.49662265,1.602870865,17.010346925
-15.213303475,7.2936382,-1.47401266,2.289539157,0.158284701455,0.0181872267,0.0302084531,-1.1741858,-13.8660652,-0.05507095474,3.344616055,2.379213476,5.5980241485
-19.35122195,-7.23507768,-0.443899929615,1.8059592165,-0.1304805662,0.00646685915,0.0400052679,-0.529078835,-12.3354086,-0.036405842075,-1.4955505735,0.694409124,-0.9351081855
-20.9778078,-8.7987914,-0.0356794512,2.28520045,0.22004855574,0.00646685915,0.0439750787,-0.414402285,-11.87513915,-0.018682417575,-4.520084535,-0.6954699305,-13.288181825
-22.22812505,-9.192475335,0.26104041525,1.5573810015,0.0540657748,0.00646685915,0.018250416175,-0.25300788605,-12.527067625,0.07693074078,-8.586273945,-0.0927873271,-13.141410475
-21.41999185,-8.981402135,-0.09284261851,1.534076693,-0.127681187765,0.00646685915,0.018250416175,-0.244271152,-12.9734941,-0.032602114425,-9.43476934,-1.42698529,-12.6762141
-18.1806726,-7.7837039,-0.5909689085,1.776937185,-0.122809490325,0.00646685915,0.04523353255,-0.3792833115,-13.274915575,-0.03395919445,-9.33949477,-2.103866407,-0.99224859175
-13.685128635,-3.567832786,0.1366498531,2.1124012035,-0.097717702002,0.00337274405,0.0411314484,-0.771925738,-1.3998526337,-0.03939626914,11.64739877,6.264563375,18.99931625
2.541344241,9.6142307,0.06304429165,3.8682601,-0.0642904336,0.00333578305,0.01472937005,-0.3844718175,40.0738187,-0.028063249675,16.0097362,7.61530848,21.68120355
15.0396069,9.916396375,1.3052318425,-4.95220862,-0.0658471705,0.00333578305,0.02157042185,-0.538536704,39.6332301,-0.01916941095,19.403266475,6.180398325,16.910938
15.04228495,9.5329426,0.8429733319,2.8734355155,0.476497792623,0.0036958839,0.02300437515,-0.5850896236,10.9071676,0.504916107775,16.7581828,3.7736800825,21.68852165
21.8684627,6.7681193,0.3482643998,1.2180065678,-0.101133695625,0.00805220415,0.02400429275,-0.825618822,-13.85062225,-0.0708660033,8.74489036,1.61622616805,12.786815425
11.07509763,7.43534314,0.857914709,1.6222125153,-0.126759450527,0.0146962078,0.02369179515,-1.187762888,-16.14765525,-0.09845698155,6.898315065,0.09453634,6.68196857
-20.59602515,-5.83828463865,-0.425339951185,1.71459301,-0.092591041957,0.0036224423,0.0389743374,-0.5608638975,6.78145501,-0.03889179328,15.302567125,2.927344798,-8.0766611
-28.32059415,-11.16379729,-0.560598221,2.45279074,0.073514963115,0.0036224423,0.04345181785,-0.4299941685,9.76394146,0.04791143987,10.1056290835,2.076280972,-16.5813439
-29.7054106,-12.08912535,-0.5401510956,1.92074392,-0.024807753477,0.0036224423,0.020801618825,-0.3528508948,6.3956073,0.1694266325,0.24620536,-0.200025179,-17.10600905
-23.59890975,-10.02906756,0.2078401865,1.5093398005,0.06313579457,0.00646685915,0.015795627175,-0.32883576775,-12.189394275,0.18974210463,-3.970370375,-0.68276045745,-13.318533025
-20.43378305,-8.370720475,-0.7742129379,2.2520971065,-0.108534033315,0.00297584015,0.0365315534,-0.533771489,-6.45874475,-0.03579328896,-1.812715524,0.68305019215,0.4373226665
-15.0379993,-4.83350677275,0.81050180992,2.4476161525,-0.075462128827,0.0131108628,0.0332492519,-0.755421249,-13.86598205,-0.03711674085,17.93638265,6.150267305,19.7770817
-1.8595548495,4.843132645,-1.1414958785,2.0530583642,-0.09252821166,0.0181872268,0.03146341665,-0.9765595296,-23.71384635,-0.0703580641,18.76524335,3.0683176784,14.68907405
11.839753075,7.494977545,0.86536480735,3.69646427,0.059445983575,0.0181872268,0.03814490255,-1.2540443705,-22.1530112,-0.08410098555,16.44079555,-0.781020043,9.762883545
16.571939625,2.473743348,0.2394288005,2.17189200555,-0.01646954376,0.0036958839,0.0187890028,-0.386322120035,15.045129175,0.323353530525,10.17645221,2.3914509637,19.85085615
22.6978844,5.4213717,-3.29252615,-4.055191595,-0.1500126324575,0.00394558215,0.02185368905,-0.7791165815,8.699809765,0.347769921925,-2.34333157025,0.990317402000001,4.664925755
-8.834849585,5.12733536375,-0.2292567328,2.070613677,-0.13665609681,0.0036958838,0.0239313472,-0.838454751,9.838350935,-0.075333382325,1.3864835645,1.0714211535,0.60769560665
-20.53102985,-7.625595655,-0.891383405225,1.86781012,-0.09857577826,0.00646685915,0.0457305529,-0.5781520632,-12.453681075,-0.035562071165,3.44248748,0.743334937,-4.515659025
-22.0073857,-8.964562735,-0.2836503302,1.7040975845,0.10327683849,0.00646685915,0.04064268185,-0.5522748115,-11.048412125,0.085678118471,1.4616501515,0.02244894845,-12.938267925
-23.59822885,-10.02885357,-0.128287243125,1.61094414,0.07284703054,0.00646685915,0.015795627175,-0.3641666167,-12.304719825,-0.035655087575,-4.54541571,-0.17905316335,-13.7931202
-23.55962895,-10.030444085,0.224642626,1.234305583,0.149445192775,0.00646685915,0.015795627175,-0.35852158995,-12.35263345,-0.036547885075,-4.78857263,-0.10883706975,-14.15376545
-20.2616629,2.181242645,-1.4974949288,2.0781933095,-0.12911357941,0.0166018818,0.02851705425,-0.863360611,-21.03134735,-0.0515918739,-7.568505465,-0.3944337575,11.707056775
-5.3052121,6.025346235,-3.115213671,-1.587661936,0.05128110218,0.0036958839,-0.0062076393,-1.0042348255,-11.587253372,-0.044092729575,12.616829275,0.25854812,16.359590075
12.937302975,9.190371135,-3.434148295,-1.946125002,0.06295110045,0.00333578305,-0.0045469142,-0.40433536025,35.5787408,-0.0467165061,13.6343839,5.221200322,14.1293093
20.7620196,5.396317185,-0.77781903315,0.0314136745,-0.07750241018,0.00333578305,0.020530971925,-0.6211956517,31.0068427,0.1771116217,12.584864525,1.5539963012,19.28474645
24.7358163,6.796686555,-0.13060397325,3.28805271,-0.144154797525,0.00456118525,0.01925485775,-0.8629083405,-12.559118025,0.491264314955,3.13053449,1.68712370025,14.6626031
-4.5297234985,4.87404007,-1.641066768,2.3220429455,-0.0688552384075,0.0181872267,0.02768131835,-1.1917842795,-20.64423855,-0.059679389565,2.5392235725,1.088856665,6.056231879
-13.869040225,-6.166671105,-0.7178046654,2.85448642,-0.055281869125,0.00646685915,0.0373430729,-0.6864753997,-12.872393175,0.0242299755055,0.3750007835,0.212271333085,-2.2875547615
-21.4062143,-8.8529148,0.3036183119,1.4150295565,-0.009747601935,0.00646685915,0.04064268185,-0.553865125,-11.63577655,0.079968597741,5.8032567,0.20621438395,-12.9309117
-23.468164,-10.18386144,-0.3019655317,1.798766627,-0.125453224327,0.0036224423,0.028811916325,-0.5372918945,-5.11261275,0.004292134171,0.8056760841,-0.08558270435,-14.56594755
-23.4811024,-9.77135175,0.140208594345,1.6149002465,-0.132046170685,0.00646685915,0.02523343705,-0.4440592862,-10.716387475,-0.025340750045,-2.005475878,-0.0908401183,-14.1041277
-21.0068802,-9.251929565,-0.09847533393,1.64284839,-0.185448475,0.00646685915,0.035456839675,-0.4056465045,-11.457573175,-0.024128825925,-4.81476987,-1.04215290655,-13.25557975
-23.30196595,-8.74732523,-0.6081876088,2.193950435,-0.098779326962,0.0036224423,0.0419362579,-0.4577673477,5.653096005,-0.034943144735,-2.605542353,0.539753763945,-2.960942015
-15.580893145,-0.3359025196,-1.3691077545,3.803509675,-0.083623776145,0.0030126432,0.0334301249,-0.5521013725,30.17431245,-0.01475103785,17.04489115,5.630055874,23.10096655
4.31983946025,4.8541657025,-2.3175802335,4.545895025,0.095451548985,0.0030126432,0.02638975365,-0.3869815766815,40.74951495,-0.027555886825,15.84584685,1.8775707408,24.37671975
15.6735084,10.3082319,1.7606481536,4.0876937875,0.04306447015,0.0036958839,0.00219409455,-0.4809803985,21.46611125,-0.03634464395,18.98533775,6.724460185,15.440484775
25.47644665,4.600633897,0.593014593,3.45445705,0.0697068642425,0.0036958839,0.01958832075,-1.327601498,-10.12507063,0.56748307495,12.495649525,3.085805241,16.9461906
16.805209925,6.465990435,1.568922974,4.628584325,-0.10036197492,0.00805220415,0.02340821735,-0.7768282285,-13.381445025,0.4595904373,9.559288125,1.748548237,16.343297635
9.656027635,7.471635835,-1.4391209185,2.209386072,0.071352795075,0.0181872267,0.02797851905,-1.2066873335,-17.35223935,-0.0396858828,7.688724145,1.4980393835,6.448418905
1.1096586125,0.1849844115,-0.65816895525,2.31466446,-0.093671916615,0.00225497065,0.04247334625,-0.5519939895,27.35160425,0.08738592686,8.44266978,2.662308385,-10.958490735
-25.55038375,-9.27278283,-0.7151243046,1.1456605363,-0.094463329945,0.00225497065,0.03235911485,-0.45343210795,22.1712257,-0.00683789348,11.020289175,5.818505185,-17.521149675
-30.57559975,-12.424040025,-0.549895419107,1.475145124,-0.0607840576315,0.00225497065,0.013839081125,-0.29651405485,21.91420545,0.1228363078,4.223583625,-0.656311271,-19.82060875
16.73647645,2.7301008455,0.946935509,4.775350965,-0.13672515879,-0.00059721645,-0.00873316985,-0.875530031,27.7725158,-0.082960365525,1.0782399745,-2.8570807765,2.152229542
28.29927735,9.71705089,0.39441788405,5.02597915,-0.0902891018875,0.00211593125,-0.0123475616,-0.7184401655,6.928383005,-0.07696277866,-0.5260054405,0.54191716,-6.554049895
29.1703397,9.24017257,1.4628144095,5.442438405,0.0714454340125,0.00211593125,-0.01482559805,-1.014260025,-9.615983955,-0.079834694635,2.7326289175,3.1431049725,-2.88764622
0.2701043105,8.235194285,-0.57238364945,3.82561985,-0.088030335835,0.00211593125,-0.017443069933,-0.7921699935,6.970729915,-0.02511740407,-3.13595534,1.8186926885,-10.14022167
-13.9883412,-3.0346225495,0.55056251075,2.9989511675,-0.0026690169375,0.00062041265,-0.02032042105,-0.8851064192,-7.628146245,-0.054758180375,-4.311222175,0.395234823,0.3354282926
-18.93986645,-6.93221541,0.48048300145,2.76135289,-0.11305795707,0.00062041265,-0.0077094946,-0.6786928225,-8.00047878,-0.015865601815,-4.95350722,0.92520777,-11.32170585
-21.04825685,-9.090920525,0.27523660435,2.0091400925,-0.144881428826,-0.00287060635,-0.0088596353,-0.609349045,-7.33717411,-0.039846871485,-9.116547315,-1.2383532285,-13.480912275
-18.29559555,-8.15453561,0.01131459195,2.19302047,-0.141614864615,0.00062041265,-0.0132207976,-0.645748169,-10.7544969,-0.0351436628,-9.131500625,-1.3613490265,-12.98060765
-18.76178365,-8.33541614,-0.1210983194,1.804952735,-0.14378118625,0.00062041265,-0.016107057125,-0.6182390185,-12.8922774,-0.040876557675,-9.111814385,-1.703173219,-12.44793085
-19.01796405,-6.98490542,-0.03374556105,2.639106742,0.06672753449,0.00062041265,-0.0144977719,-0.6892290645,-11.865454925,-0.034961337064,-4.660587135,-0.78854762965,-10.9991202
-19.2118086,-4.7368612835,-0.27409108415,3.63095684,-0.051057416635,0.0017927914,-0.0219828361,-0.600242452,13.357401275,-0.02261398037,5.57028098,5.22887634,-7.252284415
17.64202195,10.575861455,1.5674273255,4.49923889,0.05504856458,0.00220575765,-0.00162492275,-0.84735756795,-17.52416665,-0.097419509445,14.24858786,6.60702377,2.907726687
19.9480573,12.374494265,2.0391204015,5.753424905,-0.08796446939,-0.00059721645,-0.00873316985,-0.802664189,39.0987126,-0.04304261609,11.137704495,3.913623171,7.3392006625
29.77562075,5.837405197,1.9599318188,6.15144489,-0.028488073678,0.00211593125,-0.0119042479,-0.73750802885,7.80422104,-0.08000755957,4.411103445,3.6298837065,-5.19746029
30.3583664,8.399960855,0.9015531027,4.536907835,-0.0593592803375,0.00211593125,-0.013319191425,-1.1202776535,-9.61613358,-0.08724670328,1.03719047285,0.8294738209,-3.632849268
-1.0990035267,6.22491019,-0.5644403684,3.297547875,-0.10070924236,-0.00128526125,-0.016279802583,-0.9292203555,-13.727865275,-0.0701879313,-2.8728975956,0.4753326581,-4.220985765
-13.75765425,-3.038747527,0.081124751385,2.77227596,-0.14800645482,0.00062041265,-0.01835161115,-0.91423393275,-13.09324415,-0.05158939422,-4.93551915,0.3378972158,-1.8005208785
-25.3517486,-9.707872885,-0.2512678585,1.956870955,-0.129045040557,0.0017927914,-0.0126896684,-0.66986326925,4.761009796,-0.039537036975,-4.906906785,-0.4050619945,-15.5500318
-23.96632245,-10.137116625,0.21338410025,2.4142277675,-0.13204425205925,0.0017927914,-0.007829425225,-0.526648925,-5.12963407,-0.03474750611,-7.784326935,-1.5422953645,-15.1667387
-21.6587971,-9.028486575,0.19518973395,-0.69867359805,-0.14449220635,0.00062041265,-0.012180739075,-0.6606418875,-12.13282725,-0.03396809485,-9.60048645,-1.6469635435,-14.1147981
-19.67073155,-8.600831125,-0.0790587233,2.02743754,-0.1508266936,0.00062041265,-0.011897628625,-0.566110355,-13.324020275,-0.035524124864,-9.8035375,-1.515638303,-12.9148042
-17.561760725,-6.340428635,-0.08745100735,2.454760695,0.04716535573,0.00062041265,-0.0145277479,-0.692748608,-12.613860325,-0.0115636234,-8.101596845,0.043308299,-11.045210175
-2.19268624,8.26239055,0.32048831015,2.96529297,-0.05019903361,0.00211593125,-0.0187907596,-0.933377171,5.516374902,-0.04619177187,5.7209468955,0.3770563525,-12.831104
13.60594859,12.747139195,1.22054252495,4.262823895,-0.04509652505,0.0007484596,-0.0110928774,-0.736488374,33.9343087,-0.05221028575,9.87986059,6.902675305,-4.618907806
15.0498919,11.799443415,0.8628034215,4.31361965,-0.1316192863,-0.00059721645,-0.00823154135,-1.058257654,35.8608783,-0.085286826975,10.431336385,-3.73734138,7.138098393
33.19916325,8.54427184,-0.2426736587,2.61523588225,-0.1102311381375,0.00211593125,-0.01262148625,-0.9721778785,4.0402655135,-0.10432852415,1.71952208915,1.034891,-6.898680616
31.659644,7.564172255,-0.546335219,2.441864725,-0.0907066426,0.00220575765,-0.0123636097,-1.359432927,-14.602689375,-0.122487486685,0.244964459,0.8931086664,-2.0854439955
10.29429065,1.9689449,0.39477596055,1.6987764692,-0.19465812548,0.00220575765,-0.0142744066,-1.26095571,-18.07397705,-0.11217949365,-3.65299687625,0.33665763485,-5.79602011
-13.73174615,-3.16473542,-0.16883766065,1.151705671,-0.1413564462425,0.00062041265,-0.01970273265,-1.0545228562,-13.202435825,-0.047002855225,-4.822582485,0.208110726275,-2.0728356715
-16.56179355,-7.193148055,-0.1524430343,1.0325690377,-0.1632024321725,-0.00287060635,-0.01881703435,-0.9030899295,-7.45740593,-0.0336936386,-6.52916357,-1.23882556725,-12.01163595
-24.95577825,-11.37909702,0.147740377,1.0127277005,-0.090274452885,0.0017927914,-0.021899142625,-0.669011969,-1.0081310645,-0.03635795132,-6.1127878,-1.246118349,-16.8513118
-21.36036775,-9.02684624,0.1059819635,0.943783333,-0.1455076631,0.00062041265,-0.008184682075,-0.5548691135,-12.774550425,-0.031385823664,-9.43718273,-1.65524008,-13.347794725
-18.6006931,-7.105399095,-0.36991148645,1.6163005195,-0.13691247685,0.00062041265,-0.0115532096,-0.7068591465,-8.53689227,-0.033338696,-9.547234555,-1.3686617335,-10.40235739
-20.039514575,-3.6389433075,-0.3539017535,1.5108690255,-0.12283918265,0.0017927914,-0.0299670941,-0.9019801442,8.52253812,-0.02898669377,-4.280973825,2.568138839365,-8.57344295
-20.1809608,7.150246365,-1.04127262245,1.4653757425,-0.114237083925,0.0007484596,-0.0173563421,-0.989430768,7.9368903285,-0.041512759205,3.5470266525,5.0886831475,-5.3797261335
16.42418063,1.685903762,-2.9676122255,-1.5614938935,-0.1189119671,-0.00059721645,-0.007580510375,-1.091219173,22.7052409,-0.0727627139,-0.147324893175,0.3297217495,1.2636906175
35.2169208,8.237148715,-1.190493302,-6.92191652,-0.03374231635,0.00305582815,-0.01219389425,-1.7656683625,-17.8912145,-0.033578966965,-3.2249026365,0.21936720785,0.9597314955
26.6514953,6.02500234,1.081948192,-4.280505235,-0.037475866165,0.00220575765,-0.0159880336,-1.4227556385,-13.417086525,-0.113015333075,1.0050963694,1.0820108065,-0.06877879925
-1.20988146735,5.618996503,-0.649279559,1.9807364376,-0.0962386726925,0.00220575765,-0.01842346605,-1.0683473875,-14.27794835,-0.05138263326,-0.2506683223,1.203168681,-4.060067545
20.28012335,3.798310417,1.2134372147,-2.2821697975,-0.040116438385,0.0020746494,0.027414554725,0.7806433138,28.8058458,0.09739753567,15.6106905,4.3609686115,-18.16722415
15.6000505,10.7424552925,0.788724458,3.187204824,-0.06858507291,0.00394558215,0.03889186565,1.7731347185,19.3828391,0.387304362325,18.08722625,4.638690795,-13.126393015
6.5472023315,10.587595385,0.20752306355,-6.10777816,-0.031475746875,0.0025781105,0.0503718389,1.544332342,36.7627584,0.333939373025,14.07342737,0.2961133445,-7.3396615475
-13.573809325,-4.737632083,0.2197339595,-0.03802111725,-0.09971623932,0.0036224423,0.0460371376,1.7082318015,4.75918249,0.21650732295,21.46081565,7.429778415,-11.807062925
-21.78059715,-9.468128615,-1.356947947,1.01485142293,0.025599096985,0.0166018818,0.0141914961,1.1832229355,-19.9165553,0.0391020277,-11.617440535,-1.42774157025,5.278586047
-20.64299995,-8.686880515,-0.02784627235,-0.875845515,-0.097592950915,0.0166018818,0.0236600624,1.617106429,-15.4157741,-0.04408970903,-7.3689078,-1.9794185725,8.13620891
-5.015530283,5.0210932845,-1.0301615675,-7.23811473,-0.113940547047,0.0036958839,-0.00823141745,1.0280079455,9.96034826,-0.028658547055,-4.692432463,-0.59824024285,10.092505585
22.4108046,5.2899041195,1.183779555,-1.9905137555,-0.060356002195,0.0029917829,-0.0009740637,0.9583435483,35.6815885,0.047023183585,16.293708075,4.133473065,17.091475575
11.168239875,8.20630523,0.53976437935,2.813480885,-0.102921361852,0.00394558215,0.01434228715,0.9389021575,11.47702012,0.317237200775,7.1263135515,1.1481264035,-14.06921185
2.654388705,-1.4128228351,0.270073931,1.765916017,0.170829308178,0.0036224423,0.023144099725,1.517140827,-8.43727346,0.208412249735,0.18757850685,-0.6724969275,-11.502244
-19.25141235,-7.12387005,0.4458913774,0.547056016,0.074595518965,0.00646685915,0.03276216215,1.1536686695,-10.143782305,-0.025234929925,0.883904936,1.2902476288,-10.959835175
-25.2528245,-10.66495381,0.1011929774,1.739109777,-0.126301523152,0.0036224423,0.009121644475,0.68351948,-4.95858065,-0.037589341385,-4.34028634,-0.28195810775,-15.220884925
-23.35826145,-9.68811062,-0.0729113765,0.757593228,-0.131288183,0.00646685915,0.010801924975,0.557214442695,-12.962915025,0.181808369806,-8.569804965,-0.20529419855,-13.397558725
-20.62958155,-8.947773335,-1.557205797,-3.2994589261,-0.1416281579,0.0166018818,0.01412177915,1.21487617135,-18.86001895,-0.03522033369,-10.94030835,-2.0568290225,4.8683880285
-17.925486225,-7.914841315,-0.069663440715,-2.17558599535,-0.117185289937,0.00337274405,0.01759002545,1.79727387,-5.83993461925,-0.0409425792,-5.418214625,-1.1115700045,10.519093415
11.822411965,6.8436304472,-0.5345325538,0.3658386882,-0.046853626227,0.0036958839,-0.0099832771,0.9095284385,11.981268645,-0.082277179388,-0.249286033,1.6175104245,14.620565503
19.6530174,7.095882075,0.643309153,-2.797178711,-0.040025721065,0.00333578305,0.00456117495,0.9642887983,33.40926365,-0.072493524965,11.845166425,3.578962763,16.3026249
24.376935425,11.07380796,1.73305751875,0.766164739,0.469885298995,-0.0009796854,-0.010433238775,-1.331718238,7.972158553,-0.13510862835,-7.68867595,0.315977466,3.046132225
30.34374675,7.63031778,0.13320819125,-0.863393372,0.0448512914,-0.0176040556,-0.007252828875,-2.22651371,-37.63175655,-0.173332318815,-12.091613345,0.51017273515,8.214874795
13.8764477,7.00660894,-0.7226988585,-3.743085305,-0.10237547466,-0.0016186546,-0.00829976935,-2.0529977405,-17.879447965,-0.1047434048,-6.5022488175,-0.2633430115,11.229407485
-1.2508755225,-4.01412947635,-0.24281796235,-2.005095217,-0.11419337055,0.0017927914,-0.0270934388,-0.803859208,8.042672855,-0.0343446956,-0.741281272,0.4802377175,-11.264256785
-22.8078247,-8.84476705,-0.6221417915,-1.4726442705,-0.0752603014,0.0017927914,-0.02565248455,-0.6759970865,6.601297745,-0.02234544303,5.89417193,1.6848415555,-15.2099067
-25.1587974,-9.380420685,-0.7994898345,-2.0126981875,-0.12068418542,0.0017927914,-0.0252837071,-0.7473215025,1.019330335,-0.024218187685,3.82197938025,1.877515762,-14.755075875
-27.56616785,-10.903189485,-1.7191464125,-2.5105845785,-0.01351462741,-0.00194179445,-0.01662998635,-0.892986762,2.68072316,-0.038641095125,-3.5298007439,-0.65977874025,11.863293795
-8.447269495,6.26068626,-2.624901038,-3.458621255,-0.017597857,-0.0016186546,-0.0106474005,-0.8621424265,10.894048825,-0.0693251657,-1.7974321395,-0.30020960275,2.99226369
-4.80795569,5.90379756,0.4924029096,-6.202321605,-0.134231971825,-0.0016186546,-0.0122695005,-1.2367425155,16.939665675,-0.0540348399118,5.146937665,-1.09645721825,8.62168852
14.99514305,5.2984854315,-0.8395196501,-6.40649842,-0.1421305123075,-0.0016186546,-0.010339231825,-1.4278461685,11.90223088,-0.08204131534,0.948975347715,-1.5422035395,13.469261775
25.301596,7.658083065,-0.16703554485,-7.22415558,-0.11306418235,-0.00043519075,-0.009674833625,-1.310341058,-20.62720365,-0.143234301365,-5.106410185,0.2128375205,-2.546080159
22.4614207,7.56318075,-1.5153676585,-3.578575485,0.00681895715000001,0.00305582815,-0.01568825075,-1.2010155185,-22.8438278,-0.117908377365,-17.79029205,5.600788265,-4.1589153
15.147108175,6.643693345,-1.7953611945,-3.52715061,0.0241541237,-0.0141130367,-0.0095483915,-1.9918335685,-33.7460373,-0.153783728715,-19.105486575,7.12936818,1.8022090285
36.1003454,7.33299137,0.516125456,-5.785154525,-0.03204236177,-0.0176040556,-0.007186814875,-2.154245932,-31.88927745,-0.1811181002,-4.900222235,0.46645634625,6.35324203
22.55608405,4.054405266,-0.1559533267,-8.168632635,0.0303088957275,-0.0016186546,-0.00827543455,-2.2463583525,-17.24269106,-0.1037208239,0.806340943,0.261376735,5.64843520725
-2.776444033,6.46942589,-0.7745931045,-0.26079629325,0.44610393231,0.00211593125,-0.0185835077,-1.1895257225,-12.790760525,-0.04796322224,11.299459875,-0.818251404,-9.93721644
-21.34554875,-8.198152855,-0.744473918,1.502971331,-0.049186514185,0.0017927914,-0.02267178855,-0.7533961455,-7.020260155,-0.0253050992,11.77602093,2.8818965365,-14.7500071
-21.56997365,-8.38178885,-0.226075867,1.649905435,0.0848972713075,-0.00287060635,-0.02162120365,-0.6916624385,-8.118708055,-0.02027144255,3.8473348757,0.9166994943,-12.4740788
-21.6204763,-8.841925465,-1.5237471612,1.41792974415,0.11061834799,-0.0266328672,-0.0165938309,-0.8684296395,-12.71264245,-0.0460678779,-3.3950829485,-0.195762044,8.43059844
-22.89458795,-6.7855267645,-1.429993102,1.7311002585,0.07386107279,-0.00194179445,-0.0165938309,-0.7945858145,4.628191045,-0.03608728905,2.268395757,0.8488381035,10.91001465
1.48720708135,9.329906945,0.2378100665,-6.58495967,-0.0973020364,-0.00197875545,-0.0159741065,-1.053375338,37.9525342,-0.04007664886,11.477215425,2.7642191105,9.92703874
11.674533915,10.019597985,0.21850806255,-8.480314975,-0.02906374735,-0.00197875545,-0.01432937925,-1.216800266,31.83302195,-0.0520474323618,10.278321325,1.206518175,12.519675655
29.358489,4.639900043,-3.4061827425,-10.150268215,-0.1222117769575,0.00211593125,-0.0130436887,-1.0617372465,9.192959575,-0.102146108165,-3.130206245,-0.454397185,-14.1683416
23.203308,5.90476298,0.4910553165,-7.283207004,-0.0611185082575,0.0022772871,-0.011031675125,-1.3964442895,-14.06693888,-0.118991320365,-4.54024965,0.7044089075,-8.56340997
14.9351883,6.32726244,-1.6844952645,-3.4173776825,-0.19731284605,-0.0176040556,-0.004505226625,-2.193461252,-29.8908444,-0.157519007565,-8.168358935,0.95337278425,2.342966853
27.5749048,6.513144815,0.02178353485,-7.81336655,-0.07362929217,-0.0215565032,-0.00950709185,-2.4147749975,-30.8743274,-0.149935357565,-5.1392851035,-0.2670839985,6.619597086
24.3585001,5.37237966501,-0.9741958955,-2.2029006405,-0.08073793172,-0.0215565032,-0.01393809245,-2.097247845,-27.4059037,-0.10248409575,-1.06816703105,0.47810982615,2.148285815
-1.916605998,8.077762605,-0.58246830635,2.1587508615,-0.01743197776,0.00211593125,-0.0222337712,-0.874770562,4.71030948,0.078405521785,10.78288893,0.323244433,-14.513903925
-21.68424275,-7.54234786,-0.6148273775,-0.851735035,-0.1428447316,0.0017927914,-0.02545652205,-0.8103253595,-6.048564015,0.032189293716,9.178324245,2.223173924,-13.683116725
-19.22411625,-8.33930674,-0.1314481978,1.693927906,0.138543450365,0.0017927914,-0.02140938165,-0.79180957,-2.034943271,0.19879345182,11.09476188,2.416233458,-14.347326525
-21.3389345,-7.10233103,-1.6698200805,1.587883049,0.03052074119,-0.00194179445,-0.0185536722,-0.791950496,7.776316425,-0.02940086171,10.70911539,1.080872519,7.92091137
-19.78580505,-3.419592302,0.1442752115,2.3685602745,-0.01679799051,-0.0023018953,-0.0139452564,-0.903054252,19.278844275,-0.0306256254,13.38378467,1.2708927015,8.33903081
-4.874865458,5.868613738,0.12886222905,-1.162702323,-0.101575829335,-0.00197875545,-0.0106007685,-1.097827396,15.387975275,-0.0543287609718,10.3761439,-2.6235057815,6.2207597475
10.458402325,1.8470309885,-0.439079951,-7.59507323,-0.1191865872,-0.0016186546,-0.0090091312,-1.1882962255,17.0924581,-0.07452596495,2.01355884,-1.4838624185,11.5820587
45.1157966,9.86872911,-1.581780456,-7.05029908,-0.1905006626075,0.0022772871,-0.010047583775,-0.7827039102,18.885869,-0.0517360884,-4.73781713,2.2954037028,-11.388234655
37.880941,8.78311006,-3.05146325,-1.082145538055,-0.0300063808075,0.0022772871,-0.014212303925,-0.8712005545,9.386344705,-0.106619820175,-2.6337121615,0.336671936,-17.460384925
31.3721987,9.0976925825,-2.28337940375,-7.216076185,-0.02700911765,-0.0009796854,-0.008246411425,-1.033288683,18.17710495,-0.087254624425,-1.785808608,0.6673378553,4.593407305
33.30933995,6.26448245,-0.41040125275,-7.99270606,-0.0756090056575,-0.0250475221,-0.008437759975,-2.333891665,-32.28122835,-0.02899668435,-0.80815383455,-0.0144464762,3.568356098
23.002052,5.290112403,-0.0911773097,-9.01006848,-0.1320174154075,-0.0250475221,-0.00827543455,-2.38149175,-29.2721387,-0.03043972935,-3.20961839,0.1374680005,2.069910443
-1.450887838,5.1711889165,-0.1773906695,0.49937271185,0.0433802130075,-0.00128526125,-0.0183866931,-0.9671001655,-14.3265501,0.13626706767,-2.461915522,0.177008690975,-6.53575835
-25.28092365,-4.453316683,-0.72793910335,1.52514031,-0.02552773411,0.0017927914,-0.02705063005,-0.7063199651,3.823593608,0.07409222187,4.461176682,0.7567419485,-15.8222574
-21.7597799,-8.96953641,-0.423145516075,1.7642206645,-0.11926324317,-0.0180239717,-0.0250332728,-0.557862877,-12.35933955,-0.031819929929,-8.69175003,-1.550914094,-13.910080675
-22.029192725,-8.914131475,-0.23824353395,1.0880023712,-0.16251781005,-0.0180239717,-0.0301759022,-0.604729462,-12.04744965,-0.02945842454,-7.2528376,-1.8338551475,-13.85997145
-20.85225425,-7.53306968,0.1007461772,2.21136295,0.055580920898,-0.0109836575,-0.01884291375,-0.786044876,-2.1925829355,-0.03702611637,-4.65595164,-0.00464676500000004,-15.51591595
7.92126442,5.3827897,-4.0513489615,2.2013731675,-0.09969057246,-0.007395953,-0.02136282315,-1.124914035,9.91714484,-0.075023685585,8.88776784,-2.939018775,-18.665975875
24.42168705,5.801157683,-2.496818404,-7.460946515,-0.0933320753375,-0.011947948,-0.01955484525,-1.360390338,4.33322029,-0.101194744955,5.894674205,-4.76482067,-15.956184025
27.7839239,8.076705295,-1.897815523,3.53893731,0.014823406175,-0.01148713,-0.0263701104,-1.2740485185,-18.5478337,-0.015469084438,-5.2111340065,-0.02742983425,-10.320743645
23.7201023,7.066760785,-1.2319447375,0.9297088991,-0.141464285,-0.021904775,-0.03024257025,-1.2865668655,-31.45745635,-0.1075936138,-19.5705734,0.6171262557,-11.1904528
23.53104555,6.626706675,-0.96328085735,1.3021649195,0.025700995985,-0.021904775,-0.0212048661,-1.216420173,-33.3407571,-0.1045017062,-17.263861225,0.74784927525,-10.73198475
27.497618,5.554875314,-1.7976100035,0.9289604835,-0.0481900386,-0.021904775,-0.02744627285,-1.5163572365,-32.1745011,-0.124226336815,-18.70966575,1.209150232,-18.60331245
11.0553109,3.6327975695,-1.8996181055,1.5602239615,-0.050062825185,-0.0227548455,-0.0525180057,-1.3970198535,-18.5957479,-0.088452794765,-4.487129755,-0.18476102485,-17.6573429
-19.803652075,-8.17601108,-0.2242132819,1.980955275,-0.18365835465,-0.0180239717,-0.0258880783,-0.853488836,-8.129996665,0.051827438047,-2.0342049835,0.18764188108,-12.193050275
-22.079310825,-9.57885152,-0.88889712295,1.77172807,-0.15664270061,-0.0180239717,-0.0358039985,-0.719399847,-10.212095125,0.021107738841,-4.99620468,-1.3848938735,-13.943173675
-22.98933555,-9.440184945,-0.30729301555,1.460412145,0.06748967819,-0.0180239717,-0.03450810855,-0.6604893185,-11.19784895,-0.014515066259,-5.22951528,-1.1198900525,-14.0982898
-21.01839745,-8.640143535,-0.44830178335,1.8717870325,-0.14305088175,-0.0180239717,-0.0286646122,-0.6243661805,-12.207897575,-0.015909313529,-9.621002615,-0.4859642315,-13.9784354
0.01074875,8.53128988,-0.6695051135,2.89861225,0.12292166539,-0.011947948,-0.01580747625,-1.0156796345,-6.639413935,-0.04373442874,-5.262816895,-0.670002773875,-16.17908095
6.93922862,5.82437775,-0.0725239811,4.12179009,-0.02957113616,-0.011947948,-0.02689725665,-0.8047184923,10.88920238,-0.056702886995,9.32842588,-1.7499248985,-18.11032295
35.4649956,7.548884665,-1.6623916432,3.105592545,-0.0499637607575,-0.01178659215,-0.01840271515,-1.2745780795,-14.828337515,-0.10748982485,7.217984985,1.7872848504,-5.1184999515
29.73661585,8.967775625,-0.6697819605,3.384311705,0.3983788256,-0.01148713,-0.02657583665,-1.235639667,-16.321526625,0.533640028912,-5.344688288,5.722561335,-8.701080275
33.36973225,10.482228575,1.1127897548,1.324252411,-0.08455949247,-0.01148713,-0.0188241971,-1.313518477,-18.35201875,0.01438745985,0.5915873282,1.8765374868,-8.668276085
26.2819137,8.110615715,0.280947851,1.5856460515,0.04781661698,-0.01148713,-0.0272844919,-1.394107044,-20.85699515,-0.102487661415,-6.24157174,-0.214397112925,-12.118032475
20.34833045,5.385500516,-1.0017055295,-4.91091384,-0.1610989568,-0.021904775,-0.03723394335,-1.549739803,-31.71265865,-0.1273026926,-16.15455605,-0.086119284,-14.780040375
16.4118619,3.7967074705,0.78490003165,-4.37708185,0.05547640365,-0.0227548455,-0.02812745945,-1.5661325105,-28.5654682,-0.09641211049,-18.185763475,0.5033999355,-17.26272855
-17.19126565,-6.66148667,-0.1895039382,-2.95786444,0.1498013212075,-0.0180239717,-0.0406672283,-1.0520728925,-12.058808775,0.22236437897,-5.26965655,-1.0700542755,-12.689101575
-21.8606306,-9.4295972,-0.88979263525,1.63615075,-0.1812981298,-0.0180239717,-0.0381910781,-0.72952535,-11.229417675,0.060223911091,-5.05179037,-1.516911808,-13.994950425
-22.039099775,-8.88831306,-0.06884007645,-0.04631731935,-0.0889955038,-0.0180239717,-0.03260753105,-0.6854497865,-12.6136224,0.003002816641,-8.93775518,-1.569198098,-14.086318
-20.00154695,-7.636675565,-0.5091897615,-3.668015185,-0.14179418305,-0.0180239717,-0.03752303475,-0.9704296915,-12.0496669,0.19188360435,-6.00216488,-0.94808055225,-12.802428125
-18.1875372,-3.991458245,-0.532671425,-5.00632418,-0.22740451813,-0.0180239717,-0.03495266055,-1.2185003195,-8.98371592,-0.03759813733,-4.468130865,-0.60681937265,-12.425860675
5.7655488865,0.0198354915,-2.632505834,-9.399716695,-0.15032086505,-0.011947948,-0.0231549787,-1.448147029,-5.2253984915,-0.10074497299,5.312145265,1.0267837091,-14.9528458
31.9153766,7.214192655,-1.7853077167,-8.146968929,-0.20923638665,-0.021904775,-0.0307494538,-1.943217686,-17.79123195,-0.14868238405,-3.429383351,0.3230063445,-3.83436078
29.25460745,8.765926265,-0.3299200603,-4.75439329,0.083763936875,-0.01148713,-0.0214199413,-1.562881396,-18.303669275,-0.106911574065,-5.800522555,2.6327562895,-8.839771905
29.61599415,9.82349271,-0.167761128,-6.66665518,0.0450544021425,-0.01178659215,-0.0213899653,-1.6110234555,-12.848251365,-0.119608208,-5.42915562,1.3214419195,-12.99907005
24.7885286,7.938038755,-0.2048439031,-6.682447235,0.06691649815,-0.021904775,-0.03086099055,-1.6426138745,-25.6476498,-0.127429576715,-10.207712425,-0.4967911255,-12.3965188
24.6012576,7.58116944,-0.4598888211,-5.506824105,-0.07475770797,-0.021904775,-0.0281034969,-1.6134770705,-22.1353611,-0.1372008095,-5.90019738,0.0442254254999999,-13.9522174
12.45903887,2.562134848,-2.1206969975,-2.5374719785,0.038495618041,-0.011947948,-0.0299173607,-1.46333055,-11.95154904,-0.109915631965,-5.40344968,-0.750961353,-17.469149
-12.98754042,-3.819417255,-1.799950276,-4.26171121,-0.20437151253,-0.0180239717,-0.03988491,-1.2295598795,-8.95930545,-0.01789815538,-5.88306963,-1.6410519212,-11.872189265
-22.3135204,-9.252628445,-0.631767243885,-4.81693095,-0.16152173038,-0.0180239717,-0.0432783749,-1.0388285,-10.49594103,-0.0144315247,-5.319738555,-1.205585059,-13.877248575
-19.40202235,-7.11775357,-0.33313568255,-4.35014764,-0.17274893725,-0.0180239717,-0.0429600295,-1.045927464,-11.5449744,-0.02407621375,-6.34930926,-0.979625888,-13.26444065
-21.055698,-7.230085785,-0.4269324882,-4.505051425,-0.01318689814,-0.0180239717,-0.03752303475,-1.177636462,-11.963933575,-0.015841233565,-6.425592825,-1.1526068885,-14.286335175
-7.161981953,0.2118596052,-1.9868173145,-4.66133215,0.0356207960075,-0.0180239717,-0.0444452705,-1.286364507,-14.258659275,-0.04501582243,-5.09352174,-0.9227998892,-11.822094125
27.8573293,6.7874373,-0.44474638869,-6.530564395,0.0388493706925,-0.011947948,-0.02140555935,-1.6050054805,-8.85778321,-0.103120290575,0.4891194515,0.47843835975,-9.161519595
39.5226769,7.67914279,-0.8723081065,-1.6076774185,-0.124868033431,-0.01178659215,-0.01903282875,-1.5025873915,-7.8839606435,-0.10810071575,-0.5412762012,0.502681997525,-9.33397166
29.3467513,8.47405013,-0.58314113325,-2.06818723,-0.04180037527,-0.021904775,-0.01742711425,-1.404403503,-22.09235805,-0.11867271395,-3.452454097,1.220311509,-9.07356417
22.9989162,6.670680135,-0.9083175095,-4.0968503,-0.0750604953,-0.021904775,-0.0218860527,-1.4554655545,-33.7836008,-0.1260885585,-18.451468775,0.9687364955,-12.458546725
23.9052258,6.91237157,-0.644704168,-3.935502,-0.06386878015,-0.021904775,-0.0218860527,-1.398001596,-32.1758753,-0.1260885585,-16.9837741,0.97789620175,-10.769954325
25.44428135,5.23693047,-0.00196452750000002,-4.40110329,-0.04999344885,-0.021904775,-0.0281962392,-1.7118295265,-34.6490426,-0.130976483,-16.97292955,1.191779537285,-18.69396255
11.16534868,1.2550994398,-2.5216936915,-5.32527118,-0.181730709,-0.0227548455,-0.02937180335,-1.8891659455,-26.473517,-0.135042111,-14.458027825,0.9762528415,-22.54345075
-13.14564039,-2.1258256983,-0.36203435905,-3.75204463,-0.2152278758,-0.0180239717,-0.03468236515,-1.5772573455,-15.2570064,-0.046596072325,-8.475240855,0.045325244,-15.98226115
-20.2079657,-7.933201585,-0.6896868219,-3.85269356,-0.151198478,-0.0180239717,-0.03658983385,-0.9183618685,-12.7279006,-0.030726351775,-8.57128473,-0.1453647988,-13.3757162
-21.8682016,-9.01851485,-0.07130181325,-3.117828915,-0.15548086,-0.0180239717,-0.0356107819,-0.7403550315,-12.689039425,-0.02968514165,-9.54264491,-0.2442196385,-13.738060625
-20.4697884,-8.43477471,-0.6051817468,-3.888241955,-0.1830537042,-0.0180239717,-0.03752303475,-0.850615085,-12.680574825,-0.0331004644,-9.423597535,-0.1763023095,-13.78038175
4.223081527,7.31594825,-0.547006578,0.5618845115,0.45332935274,-0.011947948,-0.03033383075,-1.226052356,-7.1363140385,-0.08160944835,-6.48517133,0.227880786475,-17.338835575
-3.25317904,7.080127595,0.08712115015,2.451053584,-0.08250100521,-0.011947948,-0.0226467997,-0.927782652,11.49456272,-0.054075571645,11.49301169,-0.8113826135,-15.1922421
39.1770182,8.2940758,2.347561488,4.65024729,0.0414903686925,-0.01178659215,-0.01833670165,-1.061012245,-13.44210871,-0.0226244598,7.76865027,2.6229297655,-2.454817404
27.3498985,7.5136772,-1.04798200075,3.645708015,0.454735156265,-0.021904775,-0.01271743925,-1.271525968,-20.1245567,0.245310394362,-4.187174148,0.1488975385,-9.213428925
40.0776098,10.70749562,-1.21658633735,3.92004675,-0.0781791454925,-0.01178659215,-0.01796654005,-1.0879655065,7.36461510235,0.44940307225,7.582823365,2.4133521025,-15.3801051
29.1049692,9.321998885,-0.41487388,-4.89104815,-0.12456627495,-0.01148713,-0.0214199413,-1.522586327,-19.3112602,-0.107063486615,-5.93131682,-0.0847041915,-10.1841735
27.569145,7.629745645,-1.931432134,0.45220031253,-0.0796785957425,-0.01178659215,-0.02728172565,-1.5249647465,-13.56022106,-0.107095393565,-5.887044295,0.1858396223,-15.774757825
29.62295015,6.63618686,-0.5160086085,2.351261229,0.1036090128675,-0.011947948,-0.0273863803,-1.226415492,-9.29105167,-0.019581804245,-3.96279767,1.5968213783,-14.58394305
-15.978634575,-2.1148651143,-0.238483936,-1.630216591,-0.01672408427,-0.0180239717,-0.03860177415,-1.1701658855,-14.2300986,-0.0355186372,-7.127383125,-1.1682187974,-13.515731875
-21.53819915,-8.701292915,-0.0828643381,1.1131986495,-0.1192800172,-0.0180239717,-0.02942529255,-0.6135554145,-13.04060815,-0.031015602814,-9.18627816,-1.593879392,-13.82019935
-20.94099285,-8.831489445,-0.8284248047,1.625226405,-0.1503881595,-0.0180239717,-0.03773239935,-0.635967429,-13.241174575,-0.013937101409,-9.56444726,-0.3199075675,-14.040062075
-20.8173954,-8.80153537,-0.6598607673,1.439643752,-0.151124727,-0.0180239717,-0.03852490075,-0.6348329175,-13.187957225,-0.017412774914,-9.44478932,-0.22524548775,-13.92702555
-14.1826231,-6.601592845,-0.12250513155,1.8876866815,-0.0066291092,-0.0180239717,-0.0274769016,-0.8356180235,-13.125863375,-0.019042972179,-9.017543935,-1.3632826215,-12.63974045
5.7889807725,1.6055986825,-3.924102907,0.0398178708000001,-0.0302366278,-0.011947948,-0.0227037485,-1.138362023,4.288373824,-0.114277520225,1.9473296925,0.9590406985,-17.7459527
35.86414455,5.399057115,-3.4714368705,-8.169347945,-0.1732889794125,-0.01178659215,-0.01972881175,-1.1798217985,12.40338017,-0.072888753875,5.2185786715,-3.5216911355,-12.65302637
41.61911085,11.940377905,3.5002965485,4.67751318,0.2982415341675,-0.01178659215,-0.0181183081,-0.848402027,14.6797627,0.415883110865,-0.2834011905,1.68401823285,-16.47081375
40.6398984,13.147003185,2.751741907,-1.8839557765,-0.0641629685425,-0.01178659215,-0.019269833,-1.0919708622,8.684620055,0.4842164313,3.8272634472,2.8349786909,-14.730369735
28.1732602,8.397477425,0.485003609,-4.333783545,-0.06601444442,-0.021904775,-0.0218232864,-1.5571501085,-21.7036079,-0.109464644165,-5.45872912,-0.270072587225,-12.03951875
30.56190015,5.74182785,-1.0144657672,3.3141626,-0.09121247965,-0.021904775,-0.02647025815,-1.319920455,-32.4492678,-0.095034415465,-14.2092819,1.1691411373,-17.9098504
11.048660005,6.090857775,-1.72632541435,2.62655098,0.075938981235,-0.0227548455,-0.0512264699,-1.1899517795,-25.2973048,-0.03676325717,-12.079719325,0.00840316699999997,-18.0583496
-15.5300757,-5.303618065,-0.39442855235,0.73038421345,-0.17001357045,-0.0180239717,-0.03668658265,-0.8899735325,-13.426581425,-0.033478818759,-11.007573025,-0.6118813295,-13.908736975
-21.1544738,-8.486479,-0.7138596303,-1.7599268565,-0.1733239165,-0.0180239717,-0.03650167765,-0.7809080365,-12.241470175,-0.031516902525,-9.52385285,-0.2619395855,-14.039902425
-21.29204475,-8.57248678,-0.507890919,1.151175747,-0.0239721257,-0.0180239717,-0.0324249398,-0.6476147365,-12.2748295,-0.031932121115,-9.12942035,-0.4502031321,-14.2943234
-17.10692245,-5.47175239,-0.034805563,-3.69382203,-0.16886452105,-0.0180239717,-0.03711653315,-0.940887036,-12.524930925,-0.037735655425,-8.976868445,-1.0563357368,-13.1111402
-11.417084465,-4.428116165,-0.7323532955,-3.327661525,-0.1049547503925,-0.0180239717,-0.03746821475,-1.1433461885,-8.77024139,-0.0405015334,-5.59596848,-1.1106097485,-10.652709075
10.981249535,10.000003255,-2.640146345,2.66897612,0.04969852684,-0.011947948,-0.0151352757,-0.914599922,6.45240148,-0.006141350705,-5.60743103,-0.626875996,-16.11759355
31.37504295,7.628204805,-1.593170205,4.57148176,-0.1184308435875,-0.011947948,-0.0192132588,-0.7374429195,9.64863153,-0.084597686075,0.63073534435,1.0706764367,-9.34868803
27.4238021,7.675121615,-1.10925595665,0.5815251545,-0.07458472472,-0.021904775,-0.0304672764,-1.4272513425,-25.15179035,-0.111305041165,-5.59139719,0.690928546,-10.932794975
25.8941195,7.087370555,-1.043642587,1.7889664175,-0.0141368112,-0.021904775,-0.03021259425,-1.354172282,-29.88952975,-0.1219585147,-5.37898675,0.3117244315,-12.48377505
29.5216552,8.37614077,0.669717722,1.8104815735,0.09780839948,-0.01148713,-0.0213608946,-1.3216700435,-19.8695597,-0.10502550405,-4.668825715,0.9641173355,-11.2526256
32.5211156,7.47297917,-1.575295676,0.45354703375,-0.05809170177,-0.021904775,-0.05098831815,-1.5695134485,-22.6385499,-0.10700708815,-6.519173825,0.2249956708,-17.6959112
1.3199997825,5.551351185,0.2682089035,2.01716584,0.1121575785,-0.0227548455,-0.0296312966,-1.1827743785,-24.5105457,-0.03841441365,-10.91913039,-0.922201162,-15.00228035
3.681496496,-2.372268227,0.01657666466,1.1020668015,-0.218084934525,-0.0180239717,-0.0353740896,-1.1143891815,-20.2948267,-0.027626228185,-9.851351385,-1.170356142,-14.7609062
-24.2804036,-10.02254386,-0.1119347496,-2.4507150625,-0.13743713133,-0.0180239717,-0.0412729134,-0.7578861155,-8.255636225,-0.033262855425,-6.10592924,-1.185187706,-13.56083245
-21.2615934,-8.746713025,0.00169734200000001,-3.854367335,-0.1531282275,-0.0180239717,-0.0332886594,-0.7300549255,-12.0180584,-0.031213699725,-8.935568965,-0.1904639862865,-13.8079441
-21.6403354,-8.8919931,-0.040247514845,1.816979084,0.06393227365,-0.0180239717,-0.02634294535,-0.525775998,-12.1513419,-0.018716345214,-9.4293054,-0.3060468658,-14.0963723
-18.26637865,-6.962326555,0.2167813192,2.242040785,0.083919530015,-0.0109836575,-0.03262238835,-0.802855248,-4.64254667,-0.032972809359,-4.8915926727,-1.070597907,-13.8072575
20.9533337,7.135036415,-3.24627319,-7.10319252,-0.0624169308075,-0.011947948,-0.02123818595,-1.0305583295,12.557906175,-0.062327931855,5.37467385,0.2257264605,-15.3254423
34.7094158,8.038723965,-2.00829930755,3.7616931765,-0.0549280135575,-0.011947948,-0.0201831665,-0.8533494055,12.9216346,-0.063235303925,10.079961755,-2.321156995,-9.832627345
33.05901815,9.538022215,0.3446325675,3.287315875,0.07048634725,-0.01178659215,-0.01753429395,-1.1351101115,-13.92116778,0.236533804077,1.3808989365,2.428522478,-10.668071675
32.8014526,9.868993775,0.4301419343,3.165871645,0.0439294179175,-0.01178659215,-0.0181183081,-1.1823056295,-13.65110055,-0.0820115771,1.08420718685,1.12692447625,-11.200122475
27.34647535,8.72048561,-0.662558437,-4.862245525,0.0426049197835,-0.021904775,-0.03086099055,-1.5359807655,-23.96385305,-0.110610474715,-5.73782605,-0.100990038,-11.8239751
21.7301581,6.15493659,-0.970081282,-5.209266835,-0.1696116191,-0.021904775,-0.02819347295,-1.809636668,-29.6645232,-0.12518348798,-7.12102667,-0.372545524,-18.761425825
19.1925509,3.797835178,-2.241456306,-5.863931545,-0.13201162905,-0.0227548455,-0.02900401675,-1.8735699895,-29.0376481,-0.12041824754,-17.7143641,2.634721345,-20.96791875
-15.2761784,-3.282920572,-0.46374117135,-5.007449345,-0.1804295306,-0.0180239717,-0.04232542465,-1.380469913,-14.48524535,-0.03259852338,-10.5383824,-0.40528583475,-14.6447601
-20.32039855,-8.376118445,-0.6837451082,-3.01502891,-0.13944443832,-0.0180239717,-0.04273717635,-1.095511239,-12.518535725,-0.03081406845,-8.45117628,-1.343319097,-14.41673565
-20.40835445,-8.636992365,-0.57085493675,-2.897907887,-0.057912318785,-0.0180239717,-0.03310606815,-0.9622980925,-12.3385911,-0.031585103475,-9.0306787,-1.2918476675,-14.7136408
-19.80219545,-8.15049037,-0.579971562425,-4.404032935,-0.13939991767,-0.0180239717,-0.04367037725,-1.0347881405,-12.76337405,-0.03052772025,-9.35643095,-1.500577019,-13.399077575
-12.48598618,-3.5204686615,-0.35198409895,-4.87056438,-0.20404501783,-0.0180239717,-0.02513124375,-1.2855232665,-9.2162022,-0.03900012718,-5.64564782,-1.1014920183,-11.412180185
25.15159855,5.51493066,-2.39179364965,-9.598227185,0.17831391392,-0.011947948,-0.02140555935,-1.776271777,-8.99392124,-0.097596531725,-1.4534029507,-0.0932968057,-9.17814886
33.20304345,7.40106612,-1.93842864665,1.743192765,-0.041983053235,-0.021904775,-0.02705139275,-1.5330719375,-18.8460498,-0.13702806935,-3.435737978,-0.1081193695,-2.111917394
27.2544071,8.579552385,-0.8406136322,-2.34476366,-0.0727986588,-0.021904775,-0.0218232864,-1.43195329,-23.2725118,-0.107894193915,-14.423692775,1.912947779,-8.85453857
23.1318483,6.56110316,-0.81835023755,2.183657949,-0.1636367709,-0.021904775,-0.0218860527,-1.70871486,-33.0985047,-0.11337907815,-16.7062122,0.8195223,-16.8582982
23.77504305,7.185226395,-0.6539221224,-1.649699561,0.051112607395,-0.021904775,-0.03092375685,-1.6420456875,-30.0354199,-0.1198774752,-15.6743663,1.5631781055,-13.51528395
26.93557235,5.79050952,-0.227048204,-1.7699519135,0.03753477905,-0.021904775,-0.0281302257,-1.767267937,-34.0308501,-0.13232592615,-17.209136725,0.01545803665,-21.4954643
14.127456055,3.142059266,-2.755138262275,-5.66143535,-0.034655943825,-0.0227548455,-0.0516994808,-1.9033696635,-19.1451313,-0.12103976269,-6.300143355,-0.8977148519,-21.0241577
-17.40590065,-6.510023895,0.002803331,-2.688659325,0.2033662108225,-0.0180239717,-0.03754503175,-1.0498454785,-12.59834015,0.06644206576,-6.8485536,-1.0656399215,-13.341860925
-21.90994045,-9.463074645,-0.21388000355,1.0825736555,0.1686349815925,-0.0180239717,-0.044068577,-0.8106736635,-10.16115583,0.11844964553,-4.566366775,-1.2311026695,-14.016962075
-21.9600109,-9.330679715,-0.24336863825,-2.370830395,-0.19234084123,-0.0180239717,-0.02531473425,-0.9422645825,-8.42982522,-0.038916578275,-4.876518065,0.0088557039,-13.90801265
-20.6330213,-7.55394484,-0.50550444575,1.605648507,0.07341702867,-0.007606327,-0.0285566178,-0.816653791,-7.322545925,0.000147997310999999,-1.853269017,0.22747123965,-12.97689855
14.2193213,9.97897557,-0.268181927,3.018620503,-0.074135411735,-0.007395953,-0.0203372069,-1.1156127195,15.590902225,0.088795599935,9.690570715,1.4329325585,-17.25584075
20.8635383,8.91042924,-2.868309338,-3.335060932,0.23806489871,-0.007395953,-0.02078768645,-0.8404477657,29.31816565,0.10209243165,12.469368325,4.425437885,-17.174695025
36.05412535,7.414151775,-0.71646861725,-4.65593727,0.19559650697,-0.01148713,-0.02675552795,-1.6070382785,-18.58822605,-0.026433142365,-3.70209771,1.1516012131,-1.269541386
23.88717445,6.612146935,-1.0536723315,-5.427738395,-0.11223266885,-0.021904775,-0.03092375685,-1.6456331975,-29.42321585,-0.015667253165,-14.42997835,1.634913628,-12.771006925
21.7980613,6.27713027,-0.95209779175,-5.14047788,-0.1081181504,-0.021904775,-0.0218860527,-1.6947267345,-34.4455129,-0.119986446565,-18.64820705,1.5876661605,-16.1300114
24.0153919,6.573032945,-0.80483411435,-3.817360995,-0.1375516877,-0.021904775,-0.0218860527,-1.5349931405,-32.2925749,-0.126415658065,-15.181115175,4.1196066,-11.410501175
26.9783221,5.28884549,-0.3553872375,-5.35756691,-0.054489893,-0.021904775,-0.02746512765,-1.803001129,-33.91963415,-0.13784842625,-15.379806025,1.5386186595,-18.4549377
-17.4056512,3.460728663,0.0022653534,-3.209600452,-0.000807596500000012,-0.0227548455,-0.03348533765,-1.4464107635,-17.4199699,-0.07088301585,-9.22068967,1.21786129754,-18.05099045
-20.5878928,3.4116405295,0.0577635135,0.5067009,-0.1930356428,-0.0180239717,-0.03383874925,-1.4496824445,-15.79341025,-0.03516819375,-8.225043435,0.2541152135,-17.507472475
-21.47662935,-5.81115162325,-0.40861281735,0.99386662135,-0.1082307969,-0.0180239717,-0.03026014615,-1.0764492155,-12.377481025,-0.006551284045,-6.299890135,0.113076368,-14.8461892
-22.4265785,-9.271385825,0.07845028085,1.090772124,-0.13690659875,0.00062041265,-0.003524408525,-0.4628019615,-13.0944537,-0.017539109864,-8.36394329,-0.16600743065,-13.2373688
-22.2786475,-9.25497395,-0.19560161025,1.8273973355,-0.05721712735,0.00062041265,-0.001137329475,-0.4567650165,-12.9179142,-0.016736598564,-8.13043046,-0.13240584275,-12.9360535
-21.1987057,-8.47660714,-0.161503989,1.35409382875,0.032500103075,0.00062041265,-0.007668880525,-0.5456194735,-12.15535755,-0.028495611125,-7.663172965,-0.0214791523,-12.28865705
-15.41876585,-5.856299165,-0.52561540865,0.99755203105,0.2327192514,0.00062041265,-0.01209168225,-0.7206265265,-13.14234215,-0.031774725525,-7.960909125,0.0129826028,-10.742569425
13.566317075,7.969009895,0.3244698829,-1.2072931147,0.09273693533,0.00220575765,-0.0061830672,-1.1672128535,-23.5420115,-0.089750222615,-5.657850315,-0.7087201052,-14.17893935
22.499605325,5.117353555,-0.972322171,-1.144209227075,-0.23498790205,-0.0141130367,-0.004013917475,-1.791181372,-33.3770219,-0.13432893785,-9.27857684,1.810707081,7.7381232
31.0379095,13.62989405,0.2173827744,-0.59866749,-0.027355723225,-0.0009796854,-0.006568302125,-1.38964814,11.6008366225,-0.113582885715,-6.791942665,2.54744747595,17.485367575
35.3018685,8.470429985,2.399081819,-2.26503432,-0.0864875802,-0.0016837864,0.000270942225,-0.6134299555,44.0117183,0.256875586825,17.49011765,4.147088055,18.027043875
20.58963065,4.59854534,-0.5812749139,-7.332595014,0.296705683525,0.0017719311,-0.0009584017,-0.60429706215,13.827157,0.273747646525,13.0512036,2.053861358,2.6831993775
2.563825515,1.57250832235,-0.22940715035,0.3339636082,0.07822579014,0.00062041265,-0.013542098,-1.078596398,-19.5852388,0.22691999696,-4.46694174,-0.0804979915,-12.2673969
-15.9104291,-5.843335485,-0.52280608305,0.81168013585,0.2295014384,0.00062041265,-0.0122425007,-0.667424143,-11.860364525,0.15509388205,-8.619182295,0.2728656971,-11.30061255
-21.35604035,-8.81543229,-0.1548377366,1.7188929365,0.11788006025,0.00062041265,-0.003459451975,-0.5467829925,-12.234322825,0.19384748799,-7.455022715,-0.04357483075,-12.577720925
-22.03544995,-9.09195083,-0.16516636175,2.07863393,-0.090678676125,0.00062041265,-0.001137329475,-0.4738829745,-12.3297452,0.16824532379,-7.549589185,-0.05587711125,-12.779975525
-22.25157565,-9.14596396,-0.1791872498,1.663421658,-0.1417505285,0.00062041265,-0.003459451975,-0.487183652,-12.9185821,0.13228518344,-8.028632445,-0.12912312502,-12.9752324
-8.598273568,-4.889003622,-0.18124843075,0.4859565912,0.17112298565,0.00062041265,-0.00959776055,-0.836817,-12.726069525,-0.017190557189,-6.21072289,0.616489518,-9.580865175
-11.632278945,-5.075601885,-0.44042258255,2.12351543,-0.162802532665,0.00062041265,-0.00984530525,-0.8256362045,-13.238950275,-0.02359337804,-10.0999814,-1.2898918305,-10.951847775
22.79509955,4.788941095,-1.6206001135,1.6408648375,-0.027841663585,0.00220575765,-0.0087820177,-1.185419515,-27.46741845,-0.111285375385,-16.627385025,0.920639793,-13.417739925
20.41393025,6.5207028825,1.9606333195,-1.4443948195,-0.072320259415,-0.0141130367,-0.003780729225,-1.7859887395,-31.8251563,-0.13855367815,-6.67387082,1.3984215126,5.61059941
26.64155125,11.297483975,4.676396141,-5.013068975,-0.121597757925,-0.00133978625,-0.007394905475,-0.984662831,21.6068619,-0.0253307187,10.768725265,-3.864289428,15.28482316
39.52506675,7.42853743,-2.3497990831,-0.19368029775,-0.06037352035,-0.0016837864,0.000289773575,-0.702642211,42.58182955,0.201806601975,17.04662965,1.548496526,18.3737447
20.9577703,3.928446455,-0.2112213981,-5.232815683,-0.102871196185,0.00211593125,-0.01292457105,-0.7785725445,3.7018474155,0.265594475575,7.207562235,-0.0903191405000001,2.8819030275
4.86081755,-1.0923689058,0.053444643,1.310869305,-0.111359460325,0.00062041265,-0.01543870135,-1.001212073,-19.18536155,0.091625593692,-8.28133152,1.1647026725,-12.465500575
-19.6669048,-8.303940405,-0.589941963,2.14349371,-0.1829091483,0.00062041265,-0.0122425007,-0.5908663895,-11.716724475,-0.014120785139,-8.20276321,0.05808853545,-12.465987625
-20.1556424,-8.254999635,-0.01770991405,2.12411428,-0.15065789575,0.00062041265,-0.018356031125,-0.594374111,-11.78797335,-0.034776921525,-8.12705826,-0.031161994355,-12.598248675
-22.07448715,-9.003999325,-0.1597624121,1.63588351,0.0624759006,0.00062041265,-0.001137329475,-0.476480473,-12.316114575,-0.028612088225,-7.446867055,-0.0428200588,-12.7189395
-21.4677067,-8.767118155,-0.2606290424,2.43353745,-0.168410951,0.00062041265,-0.00349326515,-0.4900734815,-11.92306265,-0.029035586115,-7.75918182,-0.00164252274999998,-12.767561
-15.575386725,-5.652896625,0.03495263205,1.814442704,0.140302508435,0.00062041265,-0.006342694,-0.6872914125,-8.090811995,-0.008529940905,-7.17994827,-0.7095432985,-10.37464165
29.26875335,6.562318205,-0.1002054285,2.389002287,-0.09604260369,0.00211593125,-0.008378269,-1.163048758,-7.601484395,-0.093580775635,-2.4231872342,1.4954774255,-9.491503585
41.86028795,8.678570795,-0.00782995435,-6.92493777,-0.023493173775,-0.0009796854,-0.003231468625,-1.263671188,9.093003985,-0.10548808495,-4.28644372,1.74488115325,12.927202515
21.27203415,4.2409727615,-1.750781038,-17.8574086715,-0.0545755851,-0.0009796854,-0.013550072325,-1.206363654,7.79899932575,-0.013305696,7.707044815,-3.8049880535,10.1381388
30.80671335,4.004204521,-3.751342194,-16.5920287975,-0.23955445522,-0.00184324735,9.78450750000002e-05,-1.2036110475,17.28767235,0.15799211732,9.4077432465,-2.633918455,10.99001513
17.27126175,4.557637445,0.194675556,-10.149821837,-0.170859113475,0.00211593125,-0.01292457105,-1.1112598015,-10.58374098,0.2074942071,6.922056049,-3.2977561328,3.0289652872
1.186619387,7.08119855,-0.2825331618,-0.3355590225,-0.04715353527,0.00220575765,-0.0107963741,-1.115914923,-21.202706,-0.03491882303,-5.22181948,0.185119052,-12.106400255
-20.0117623,-8.267056775,-0.582373009,0.924759794,-0.1598477618,0.00062041265,-0.0122425007,-0.6166125985,-12.6736016,-0.013348106639,-8.64746412,-0.07307050665,-12.3921184
-22.0938294,-9.08158588,-0.1414871332,1.9263702635,-0.03933043025,0.00062041265,-0.001137329475,-0.4549935065,-12.845524725,-0.016484495914,-8.026019275,-0.069098441005,-12.783941275
-1.32101946725,6.362864825,-0.390997479,-7.84901324,-0.23677952443,-0.0402851538,-0.04041029675,-1.9196341895,-26.62018995,-0.063388358225,-9.25423212,-1.821045707,9.61556984
-21.680251475,-7.94459781,-1.38429220525,-5.69824265,-0.1094181567425,-0.03555428,-0.0516444164,-1.1942707415,-17.480608625,-0.04414168225,-7.074448625,-2.035927508,2.9191160635
-20.92908175,-7.2351848845,-1.47661577538,-6.183384525,-0.0442390350925,-0.03555428,-0.0234126827,-1.338599001,-17.652055,-0.0449534927,-2.467557428,-1.112058768,1.7234022975
-17.82111545,-2.2985143975,-1.7653765645,-7.60294178,-0.0022579626425,-0.03555428,-0.02603238145,-1.7531426935,-19.64420305,-0.0496727472,6.848573975,0.6620112635,-2.0937478625
-8.212622135,2.0630270205,-0.150519636939,-9.19906997,-0.11728219845,-0.0298675088,-0.0168615616,-2.00049156,-26.091826,-0.11180104555,3.0900971825,-1.295194131,-1.4361361815
-6.15979722,3.4573409662,-0.0402119437,-6.977099385,-0.05230863361,-0.0298675088,-0.0173764748,-1.968566585,-25.5531975,-0.1012657476,-1.0401270053,-0.674688639,0.0184838975
22.5910436,3.817269587,0.2033736785,-4.73558163,-0.2015553622,-0.0298675088,-0.01170195308,-2.166554917,-27.55901885,-0.1299168593,-6.26000295,-0.221077699015,0.2078562385
15.4579734,5.554831615,-1.04036816,-5.555212845,0.0222071478,-0.0224240423,-0.0150132658,-2.298694815,-39.04158825,-0.165323102315,-14.26090545,0.0370736984,2.1250957095
15.628579325,5.382783945,-1.4756645,-1.11097052925,0.00184572169749999,-0.0328416873,-0.01725046865,-2.021663053,-42.5613305,-0.170059627765,-23.84130375,0.99104004735,-0.353873848
13.89658115,4.555241916,-1.7897795675,-0.040995585,-0.0342449092,-0.0328416873,-0.0135524076,-1.9293804845,-43.17414055,-0.171369233265,-24.91450355,0.826315398,-0.91584680815
11.216655365,3.745210698,-1.9309517825,0.4824165081,-0.0805462782,-0.0328416873,-0.02407291005,-1.7258332225,-41.39788715,-0.169155917765,-25.1448593,1.15369551525,0.6456025895
19.7002117,4.244939562,-1.0307686755,-0.13097834505,-0.0454649225,-0.0402851538,-0.01524035035,-1.7257203565,-32.750742,-0.168294461415,-24.6497675,0.612062347315,1.8933548079
35.82015255,9.217232505,1.9255286485,3.143207605,0.1171368813175,0.0143276518,-0.004412066,-1.7365074395,-36.924567,-0.190271064115,-4.92030271,1.123001030025,10.04060971
52.457194,15.840923715,9.238721574,4.28808371,0.68807640762,0.00336456645,-0.007363782175,-1.109451546,14.25335555,0.23866745793,2.3804756715,3.6675672515,19.1195351
57.9710531,15.06537482,10.759816858,3.973148742,0.88101277892,0.00336456645,-0.007446358375,-0.6345977953,36.33651605,0.459862187575,7.285705044,5.3300471915,21.04422578
51.61811355,12.98543898,9.998642941,-1.231765111155,0.98129889362,0.00394558215,-0.008914018825,-0.645239094,21.34573375,0.583203540981,-1.605903275,6.200489165,12.25082466
31.8011718,8.106120875,-0.3768548605,-2.155738526,-0.04056302418,0.00456118525,-0.00785157915,-1.1053621805,-8.89386102,0.622830983135,-1.60755896755,8.174705925,-2.4747669475
1.7012554491,8.722720335,0.0195856566,3.32796514,0.16309273744,0.00805220415,-0.00612349745,-0.789323034,-15.846642275,-0.0451700715425,-5.548820155,-0.0022817699,-9.7159887
-16.9256173,-6.049235955,-0.1240383117,1.3711695395,0.615203628725,0.00646685915,-0.0120200657,-0.5069090107,-11.3888942,-0.0354801991,-5.17275974,0.2442631098,-11.61472275
-18.67380775,-7.751714295,-0.44330980305,1.0563531295,-0.18325896525,0.00646685915,-0.0120200657,-0.4610027137,-11.561442625,-0.04038747525,-5.12434079,0.26138736745,-12.06334615
-16.8286423,-6.73106311,0.073476283525,1.272010757,-0.22750291355,0.00646685915,-0.006142255,-0.547423225,-8.31663679,-0.03926751525,-4.90106299,-0.2037744138,-10.7798965
-3.7539630515,6.17604134,-1.9394423275,-2.5880962318,-0.0891702533995,0.0036958838,-0.00903615935,-0.591566825,5.391320645,-0.0583882331,-4.2997811835,-0.4825952714,4.2721068845
23.0568696,8.23933211,-2.02964206777,-1.489310313,-0.1294225072,0.00333578305,-0.00662263894,-0.924811319,16.2064255,-0.08151888935,-8.15732395,0.43868756997,8.136451295
49.9306339,17.249836875,8.493167185,9.362282975,0.31145095687,0.00336456645,-0.000207860525,3.811397695,2.849796898,-0.101543764,0.2703209965,1.8515050705,51.6516573
53.15782825,17.8064581,11.788258718,4.7743114625,0.57116579407,0.00336456645,-0.007626053525,2.599087705,22.2956605,0.07720897655,8.73064983,3.561218723,48.7883444
49.88516045,16.9339466,7.72245907,9.53745619,0.447119274965,0.00336456645,-5.6092475e-05,3.939025473,2.8364865325,0.0274646643,2.58834737,2.439075023,35.24991125
44.4369796,12.994545525,5.933964995,13.500982595,-0.03360695255,0.00336456645,-0.005901481875,5.317013765,-10.027743775,0.652837477335,-7.59596779,10.286292365,27.3582998
20.6234781,7.991171575,0.4897439159,7.056791673,0.243487537165,0.0181872268,0.00363411845,5.08300378,-22.26376565,0.018879827935,-10.83271041,8.43914917,18.1299528
5.472744425,7.761216128,0.5771864024,4.3134746635,-0.083626289825,0.0166018818,-0.0047186443,4.02631424,-16.67431965,-0.059894670565,-5.20891273415,5.27832673,18.2140346
-16.1560515,-4.8065083975,0.36307878575,-2.193957677,-0.16604020695,0.00646685915,-0.01530510785,1.708928975,-11.392051425,-0.015330527225,-5.66162659,0.0170842645,-12.33105135
-6.000733495,-3.4392742385,0.26802553325,-0.43940837065,-0.17619620515,0.00646685915,-0.0113697677,2.1707087125,-11.0221748,-0.014520146125,-5.162156115,-0.2488838623,-11.14078935
2.6079074795,3.1234366512,0.27409743755,-2.2047739165,0.65913620635,0.0166018818,-0.0078755144,3.85063319,-24.6461182,-0.061904197825,-7.77905775,0.24863205375,10.04200265
14.49891074,8.1441558025,-0.54978760775,3.3756430075,-0.06728942272,0.0036958839,-0.0078297669,3.944539705,-14.56709958,-0.113435377,-5.62428429275,0.220990162,17.8782023535
26.0161314,11.63674246,0.288321106,4.871018622,-0.0459729799475,0.0036958839,-0.0008671031,2.49653633,18.1090553,-0.0651800102718,-2.142714817,2.7785895825,45.97745
41.59476865,13.280939165,12.3332455075,-3.250193235,0.568926777495,0.0036958839,0.001222061875,2.7767791955,22.57572665,-0.0804857282,-2.98957311,1.30611588425,48.3152426
52.4739696,16.92118435,10.22591445,-0.905524207,0.66082295337,0.00336456645,0.001018120875,2.126927721,27.1636462,-0.0459887952,-5.53009104,2.22744834,49.2474861
48.9737205,17.64807725,10.0791231435,3.3822885795,0.63835212832,0.00336456645,-0.007800019325,2.0735238525,29.0672193,0.0463294615,0.41462063485,3.5609835495,47.07939295
52.05431585,17.27756125,10.17572451,3.927881316,0.62884490337,0.00336456645,-0.007474285475,2.157635095,22.93071785,0.177600863125,-2.4508501279,2.16242056785,34.36961075
52.30286025,15.779553,7.7137924675,5.2608493913,0.565561413,0.00336456645,-0.005901481875,2.398048628,22.3967405,0.3373848216,-7.8553198,6.625281165,28.87720775
33.55510925,9.74668855,1.11103685802625,5.1676133745,-0.000229192249999997,0.0036958839,-0.00573915645,3.06537891,18.0444198,-0.00724293581999999,-10.35434505,7.084469565,22.58246495
6.92164383702,9.23913021,1.077553171,1.6226239325,-0.0846395461,0.0181872268,-0.0050623798,4.30535091,-15.4838937,-0.062450175075,-8.573010695,1.6464373845,14.87072535
3.937475715,8.8982240275,0.7336856957,3.54816993,0.806974968335,0.00805220415,-0.0054658233,2.1669881265,-12.49611875,-0.03261635055,-4.550594335,1.290173773,-9.90516708
